27
comment
atom0	-0.760000	-0.438786	-0.310269
atom1	-0.380000	-0.438786	-0.310269
atom2	0.000000	-0.438786	-0.310269
atom3	-0.570000	-0.109697	-0.310269
atom4	-0.190000	-0.109697	-0.310269
atom5	0.190000	-0.109697	-0.310269
atom6	-0.380000	0.219393	-0.310269
atom7	0.000000	0.219393	-0.310269
atom8	0.380000	0.219393	-0.310269
atom9	-0.570000	-0.329090	0.000000
atom10	-0.190000	-0.329090	0.000000
atom11	0.190000	-0.329090	0.000000
atom12	-0.380000	0.000000	0.000000
atom13	0.000000	0.000000	0.000000
atom14	0.380000	0.000000	0.000000
atom15	-0.190000	0.329090	0.000000
atom16	0.190000	0.329090	0.000000
atom17	0.570000	0.329090	0.000000
atom18	-0.380000	-0.219393	0.310269
atom19	0.000000	-0.219393	0.310269
atom20	0.380000	-0.219393	0.310269
atom21	-0.190000	0.109697	0.310269
atom22	0.190000	0.109697	0.310269
atom23	0.570000	0.109697	0.310269
atom24	0.000000	0.438786	0.310269
atom25	0.380000	0.438786	0.310269
atom26	0.760000	0.438786	0.310269

27
comment
atom0	-0.759901	-0.438344	-0.310131
atom1	-0.379935	-0.439263	-0.311691
atom2	-0.000167	-0.439272	-0.309978
atom3	-0.569885	-0.110230	-0.309731
atom4	-0.188691	-0.110270	-0.311150
atom5	0.189269	-0.109838	-0.309955
atom6	-0.379653	0.218309	-0.309702
atom7	0.000141	0.219564	-0.309607
atom8	0.379916	0.219309	-0.310590
atom9	-0.569724	-0.328324	-0.000830
atom10	-0.190532	-0.329390	0.000783
atom11	0.190896	-0.329490	-0.000658
atom12	-0.380365	0.000270	0.000029
atom13	-0.001062	0.000548	-0.000263
atom14	0.380398	0.000395	-0.001145
atom15	-0.190083	0.329755	-0.000495
atom16	0.189087	0.328843	0.000146
atom17	0.570209	0.328254	-0.000623
atom18	-0.380294	-0.220580	0.310824
atom19	0.000247	-0.218038	0.310433
atom20	0.380640	-0.219547	0.311042
atom21	-0.190153	0.109399	0.310014
atom22	0.189068	0.109620	0.310156
atom23	0.570224	0.110753	0.309952
atom24	-0.000219	0.439411	0.310290
atom25	0.381079	0.439563	0.309825
atom26	0.759113	0.438943	0.310016

27
comment
atom0	-0.759802	-0.437901	-0.309994
atom1	-0.379869	-0.439739	-0.313113
atom2	-0.000333	-0.439759	-0.309687
atom3	-0.569770	-0.110763	-0.309193
atom4	-0.187382	-0.110843	-0.312032
atom5	0.188538	-0.109979	-0.309642
atom6	-0.379306	0.217225	-0.309136
atom7	0.000282	0.219736	-0.308945
atom8	0.379832	0.219225	-0.310912
atom9	-0.569449	-0.327558	-0.001661
atom10	-0.191065	-0.329690	0.001567
atom11	0.191792	-0.329890	-0.001316
atom12	-0.380730	0.000540	0.000058
atom13	-0.002123	0.001096	-0.000526
atom14	0.380796	0.000789	-0.002289
atom15	-0.190166	0.330421	-0.000989
atom16	0.188175	0.328596	0.000293
atom17	0.570418	0.327419	-0.001247
atom18	-0.380587	-0.221766	0.311380
atom19	0.000495	-0.216682	0.310598
atom20	0.381280	-0.219700	0.311815
atom21	-0.190306	0.109100	0.309760
atom22	0.188135	0.109543	0.310043
atom23	0.570448	0.111809	0.309636
atom24	-0.000437	0.440036	0.310312
atom25	0.382157	0.440339	0.309381
atom26	0.758225	0.439100	0.309764

27
comment
atom0	-0.759703	-0.437459	-0.309857
atom1	-0.379804	-0.440216	-0.314535
atom2	-0.000500	-0.440245	-0.309396
atom3	-0.569656	-0.111297	-0.308656
atom4	-0.186073	-0.111416	-0.312914
atom5	0.187807	-0.110120	-0.309328
atom6	-0.378958	0.216142	-0.308570
atom7	0.000423	0.219907	-0.308283
atom8	0.379748	0.219142	-0.311233
atom9	-0.569173	-0.326793	-0.002491
atom10	-0.191597	-0.329990	0.002350
atom11	0.192687	-0.330290	-0.001974
atom12	-0.381095	0.000810	0.000088
atom13	-0.003185	0.001645	-0.000789
atom14	0.381194	0.001184	-0.003434
atom15	-0.190249	0.331087	-0.001484
atom16	0.187262	0.328349	0.000439
atom17	0.570627	0.326583	-0.001870
atom18	-0.380881	-0.222952	0.311935
atom19	0.000742	-0.215327	0.310763
atom20	0.381919	-0.219854	0.312589
atom21	-0.190459	0.108802	0.309505
atom22	0.187203	0.109466	0.309930
atom23	0.570672	0.112865	0.309319
atom24	-0.000656	0.440661	0.310334
atom25	0.383236	0.441116	0.308937
atom26	0.757338	0.439256	0.309512

27
comment
atom0	-0.759604	-0.437016	-0.309719
atom1	-0.379739	-0.440693	-0.315957
atom2	-0.000666	-0.440731	-0.309105
atom3	-0.569541	-0.111830	-0.308118
atom4	-0.184764	-0.111989	-0.313796
atom5	0.187077	-0.110260	-0.309014
atom6	-0.378611	0.215058	-0.308004
atom7	0.000564	0.220078	-0.307620
atom8	0.379664	0.219058	-0.311555
atom9	-0.568898	-0.326027	-0.003321
atom10	-0.192130	-0.330290	0.003133
atom11	0.193583	-0.330690	-0.002632
atom12	-0.381459	0.001079	0.000117
atom13	-0.004246	0.002193	-0.001052
atom14	0.381592	0.001578	-0.004579
atom15	-0.190332	0.331753	-0.001978
atom16	0.186349	0.328102	0.000586
atom17	0.570837	0.325748	-0.002494
atom18	-0.381175	-0.224139	0.312491
atom19	0.000989	-0.213971	0.310927
atom20	0.382559	-0.220008	0.313362
atom21	-0.190613	0.108504	0.309250
atom22	0.186270	0.109390	0.309817
atom23	0.570896	0.113921	0.309002
atom24	-0.000874	0.441286	0.310356
atom25	0.384315	0.441893	0.308493
atom26	0.756451	0.439413	0.309260

27
comment
atom0	-0.759505	-0.436573	-0.309582
atom1	-0.379673	-0.441169	-0.317379
atom2	-0.000833	-0.441217	-0.308815
atom3	-0.569426	-0.112363	-0.307580
atom4	-0.183454	-0.112563	-0.314677
atom5	0.186346	-0.110401	-0.308701
atom6	-0.378264	0.213974	-0.307437
atom7	0.000705	0.220250	-0.306958
atom8	0.379580	0.218974	-0.311877
atom9	-0.568622	-0.325262	-0.004152
atom10	-0.192662	-0.330591	0.003916
atom11	0.194479	-0.331090	-0.003291
atom12	-0.381824	0.001349	0.000146
atom13	-0.005308	0.002741	-0.001316
atom14	0.381990	0.001973	-0.005723
atom15	-0.190415	0.332419	-0.002473
atom16	0.185437	0.327855	0.000732
atom17	0.571046	0.324913	-0.003117
atom18	-0.381468	-0.225325	0.313046
atom19	0.001236	-0.212616	0.311092
atom20	0.383199	-0.220161	0.314135
atom21	-0.190766	0.108206	0.308996
atom22	0.185338	0.109313	0.309704
atom23	0.571120	0.114978	0.308686
atom24	-0.001093	0.441911	0.310377
atom25	0.385393	0.442669	0.308049
atom26	0.755563	0.439570	0.309007

27
comment
atom0	-0.759406	-0.436131	-0.309445
atom1	-0.379608	-0.441646	-0.318801
atom2	-0.001000	-0.441703	-0.308524
atom3	-0.569311	-0.112897	-0.307042
atom4	-0.182145	-0.113136	-0.315559
atom5	0.185615	-0.110542	-0.308387
atom6	-0.377917	0.212890	-0.306871
atom7	0.000846	0.220421	-0.306296
atom8	0.379495	0.218890	-0.312198
atom9	-0.568346	-0.324496	-0.004982
atom10	-0.193194	-0.330891	0.004700
atom11	0.195375	-0.331490	-0.003949
atom12	-0.382189	0.001619	0.000175
atom13	-0.006370	0.003289	-0.001579
atom14	0.382388	0.002367	-0.006868
atom15	-0.190498	0.333084	-0.002967
atom16	0.184524	0.327609	0.000878
atom17	0.571255	0.324077	-0.003741
atom18	-0.381762	-0.226512	0.313602
atom19	0.001484	-0.211260	0.311257
atom20	0.383839	-0.220315	0.314909
atom21	-0.190919	0.107908	0.308741
atom22	0.184406	0.109236	0.309591
atom23	0.571344	0.116034	0.308369
atom24	-0.001311	0.442536	0.310399
atom25	0.386472	0.443446	0.307605
atom26	0.754676	0.439726	0.308755

27
comment
atom0	-0.759307	-0.435688	-0.309307
atom1	-0.379542	-0.442123	-0.320223
atom2	-0.001166	-0.442189	-0.308233
atom3	-0.569196	-0.113430	-0.306505
atom4	-0.180836	-0.113709	-0.316441
atom5	0.184884	-0.110683	-0.308074
atom6	-0.377569	0.211806	-0.306305
atom7	0.000987	0.220593	-0.305634
atom8	0.379411	0.218806	-0.312520
atom9	-0.568071	-0.323731	-0.005812
atom10	-0.193727	-0.331191	0.005483
atom11	0.196270	-0.331890	-0.004607
atom12	-0.382554	0.001889	0.000205
atom13	-0.007431	0.003838	-0.001842
atom14	0.382786	0.002762	-0.008013
atom15	-0.190580	0.333750	-0.003462
atom16	0.183612	0.327362	0.001025
atom17	0.571464	0.323242	-0.004364
atom18	-0.382056	-0.227698	0.314157
atom19	0.001731	-0.209905	0.311421
atom20	0.384479	-0.220469	0.315682
atom21	-0.191072	0.107610	0.308487
atom22	0.183473	0.109160	0.309478
atom23	0.571568	0.117090	0.308053
atom24	-0.001530	0.443161	0.310421
atom25	0.387550	0.444222	0.307161
atom26	0.753789	0.439883	0.308503

27
comment
atom0	-0.759208	-0.435246	-0.309170
atom1	-0.379477	-0.442599	-0.321645
atom2	-0.001333	-0.442675	-0.307942
atom3	-0.569082	-0.113964	-0.305967
atom4	-0.179527	-0.114282	-0.317323
atom5	0.184153	-0.110824	-0.307760
atom6	-0.377222	0.210722	-0.305738
atom7	0.001128	0.220764	-0.304972
atom8	0.379327	0.218722	-0.312841
atom9	-0.567795	-0.322965	-0.006643
atom10	-0.194259	-0.331491	0.006266
atom11	0.197166	-0.332290	-0.005265
atom12	-0.382919	0.002159	0.000234
atom13	-0.008493	0.004386	-0.002105
atom14	0.383184	0.003157	-0.009157
atom15	-0.190663	0.334416	-0.003956
atom16	0.182699	0.327115	0.001171
atom17	0.571673	0.322406	-0.004988
atom18	-0.382349	-0.228885	0.314713
atom19	0.001978	-0.208549	0.311586
atom20	0.385119	-0.220622	0.316455
atom21	-0.191225	0.107312	0.308232
atom22	0.182541	0.109083	0.309365
atom23	0.571792	0.118146	0.307736
atom24	-0.001748	0.443786	0.310443
atom25	0.388629	0.444999	0.306717
atom26	0.752901	0.440040	0.308251

27
comment
atom0	-0.759109	-0.434803	-0.309033
atom1	-0.379412	-0.443076	-0.323067
atom2	-0.001500	-0.443162	-0.307651
atom3	-0.568967	-0.114497	-0.305429
atom4	-0.178218	-0.114855	-0.318204
atom5	0.183422	-0.110965	-0.307446
atom6	-0.376875	0.209638	-0.305172
atom7	0.001269	0.220935	-0.304310
atom8	0.379243	0.218638	-0.313163
atom9	-0.567519	-0.322199	-0.007473
atom10	-0.194792	-0.331791	0.007050
atom11	0.198062	-0.332690	-0.005923
atom12	-0.383284	0.002429	0.000263
atom13	-0.009554	0.004934	-0.002368
atom14	0.383582	0.003551	-0.010302
atom15	-0.190746	0.335082	-0.004451
atom16	0.181786	0.326868	0.001317
atom17	0.571882	0.321571	-0.005611
atom18	-0.382643	-0.230071	0.315268
atom19	0.002225	-0.207194	0.311750
atom20	0.385758	-0.220776	0.317229
atom21	-0.191378	0.107014	0.307978
atom22	0.181608	0.109006	0.309252
atom23	0.572016	0.119202	0.307419
atom24	-0.001967	0.444411	0.310464
atom25	0.389708	0.445776	0.306273
atom26	0.752014	0.440197	0.307999

27
comment
atom0	-0.759010	-0.434361	-0.308895
atom1	-0.379346	-0.443553	-0.324489
atom2	-0.001666	-0.443648	-0.307360
atom3	-0.568852	-0.115030	-0.304892
atom4	-0.176909	-0.115428	-0.319086
atom5	0.182692	-0.111106	-0.307133
atom6	-0.376528	0.208554	-0.304606
atom7	0.001410	0.221107	-0.303648
atom8	0.379159	0.218554	-0.313484
atom9	-0.567244	-0.321434	-0.008303
atom10	-0.195324	-0.332091	0.007833
atom11	0.198958	-0.333090	-0.006581
atom12	-0.383649	0.002699	0.000292
atom13	-0.010616	0.005482	-0.002631
atom14	0.383981	0.003946	-0.011446
atom15	-0.190829	0.335747	-0.004945
atom16	0.180874	0.326621	0.001464
atom17	0.572092	0.320736	-0.006235
atom18	-0.382936	-0.231258	0.315824
atom19	0.002473	-0.205838	0.311915
atom20	0.386398	-0.220929	0.318002
atom21	-0.191532	0.106716	0.307723
atom22	0.180676	0.108930	0.309139
atom23	0.572240	0.120258	0.307103
atom24	-0.002185	0.445035	0.310486
atom25	0.390786	0.446552	0.305829
atom26	0.751127	0.440353	0.307746

27
comment
atom0	-0.758911	-0.433918	-0.308758
atom1	-0.379281	-0.444029	-0.325911
atom2	-0.001833	-0.444134	-0.307070
atom3	-0.568737	-0.115564	-0.304354
atom4	-0.175600	-0.116002	-0.319968
atom5	0.181961	-0.111247	-0.306819
atom6	-0.376181	0.207471	-0.304039
atom7	0.001551	0.221278	-0.302986
atom8	0.379075	0.218471	-0.313806
atom9	-0.566968	-0.320668	-0.009134
atom10	-0.195856	-0.332392	0.008616
atom11	0.199853	-0.333490	-0.007239
atom12	-0.384014	0.002969	0.000321
atom13	-0.011678	0.006030	-0.002894
atom14	0.384379	0.004340	-0.012591
atom15	-0.190912	0.336413	-0.005440
atom16	0.179961	0.326374	0.001610
atom17	0.572301	0.319900	-0.006858
atom18	-0.383230	-0.232444	0.316379
atom19	0.002720	-0.204483	0.312080
atom20	0.387038	-0.221083	0.318775
atom21	-0.191685	0.106418	0.307468
atom22	0.179744	0.108853	0.309025
atom23	0.572464	0.121315	0.306786
atom24	-0.002404	0.445660	0.310508
atom25	0.391865	0.447329	0.305385
atom26	0.750239	0.440510	0.307494

27
comment
atom0	-0.758812	-0.433475	-0.308621
atom1	-0.379216	-0.444506	-0.327333
atom2	-0.001999	-0.444620	-0.306779
atom3	-0.568622	-0.116097	-0.303816
atom4	-0.174291	-0.116575	-0.320850
atom5	0.181230	-0.111388	-0.306506
atom6	-0.375833	0.206387	-0.303473
atom7	0.001692	0.221449	-0.302324
atom8	0.378991	0.218387	-0.314128
atom9	-0.566693	-0.319903	-0.009964
atom10	-0.196389	-0.332692	0.009400
atom11	0.200749	-0.333890	-0.007897
atom12	-0.384378	0.003238	0.000351
atom13	-0.012739	0.006579	-0.003157
atom14	0.384777	0.004735	-0.013736
atom15	-0.190995	0.337079	-0.005934
atom16	0.179048	0.326127	0.001757
atom17	0.572510	0.319065	-0.007482
atom18	-0.383524	-0.233630	0.316935
atom19	0.002967	-0.203127	0.312244
atom20	0.387678	-0.221237	0.319549
atom21	-0.191838	0.106120	0.307214
atom22	0.178811	0.108776	0.308912
atom23	0.572688	0.122371	0.306470
atom24	-0.002623	0.446285	0.310530
atom25	0.392944	0.448106	0.304941
atom26	0.749352	0.440667	0.307242

27
comment
atom0	-0.758714	-0.433033	-0.308484
atom1	-0.379150	-0.444983	-0.328755
atom2	-0.002166	-0.445106	-0.306488
atom3	-0.568508	-0.116630	-0.303278
atom4	-0.172981	-0.117148	-0.321731
atom5	0.180499	-0.111529	-0.306192
atom6	-0.375486	0.205303	-0.302907
atom7	0.001833	0.221621	-0.301662
atom8	0.378907	0.218303	-0.314449
atom9	-0.566417	-0.319137	-0.010794
atom10	-0.196921	-0.332992	0.010183
atom11	0.201645	-0.334290	-0.008556
atom12	-0.384743	0.003508	0.000380
atom13	-0.013801	0.007127	-0.003421
atom14	0.385175	0.005129	-0.014880
atom15	-0.191078	0.337745	-0.006429
atom16	0.178136	0.325881	0.001903
atom17	0.572719	0.318229	-0.008105
atom18	-0.383817	-0.234817	0.317490
atom19	0.003215	-0.201772	0.312409
atom20	0.388318	-0.221390	0.320322
atom21	-0.191991	0.105822	0.306959
atom22	0.177879	0.108699	0.308799
atom23	0.572912	0.123427	0.306153
atom24	-0.002841	0.446910	0.310551
atom25	0.394022	0.448882	0.304498
atom26	0.748465	0.440823	0.306990

27
comment
atom0	-0.758615	-0.432590	-0.308346
atom1	-0.379085	-0.445459	-0.330177
atom2	-0.002333	-0.445592	-0.306197
atom3	-0.568393	-0.117164	-0.302741
atom4	-0.171672	-0.117721	-0.322613
atom5	0.179768	-0.111670	-0.305878
atom6	-0.375139	0.204219	-0.302341
atom7	0.001974	0.221792	-0.301000
atom8	0.378823	0.218219	-0.314771
atom9	-0.566141	-0.318371	-0.011625
atom10	-0.197454	-0.333292	0.010966
atom11	0.202541	-0.334690	-0.009214
atom12	-0.385108	0.003778	0.000409
atom13	-0.014862	0.007675	-0.003684
atom14	0.385573	0.005524	-0.016025
atom15	-0.191161	0.338410	-0.006923
atom16	0.177223	0.325634	0.002049
atom17	0.572928	0.317394	-0.008729
atom18	-0.384111	-0.236003	0.318046
atom19	0.003462	-0.200416	0.312574
atom20	0.388958	-0.221544	0.321095
atom21	-0.192144	0.105524	0.306705
atom22	0.176946	0.108623	0.308686
atom23	0.573136	0.124483	0.305837
atom24	-0.003060	0.447535	0.310573
atom25	0.395101	0.449659	0.304054
atom26	0.747577	0.440980	0.306737

27
comment
atom0	-0.758516	-0.432148	-0.308209
atom1	-0.379019	-0.445936	-0.331599
atom2	-0.002499	-0.446079	-0.305906
atom3	-0.568278	-0.117697	-0.302203
atom4	-0.170363	-0.118294	-0.323495
atom5	0.179037	-0.111811	-0.305565
atom6	-0.374792	0.203135	-0.301774
atom7	0.002115	0.221963	-0.300338
atom8	0.378739	0.218135	-0.315092
atom9	-0.565866	-0.317606	-0.012455
atom10	-0.197986	-0.333592	0.011749
atom11	0.203436	-0.335091	-0.009872
atom12	-0.385473	0.004048	0.000438
atom13	-0.015924	0.008223	-0.003947
atom14	0.385971	0.005919	-0.017170
atom15	-0.191244	0.339076	-0.007418
atom16	0.176310	0.325387	0.002196
atom17	0.573137	0.316559	-0.009352
atom18	-0.384405	-0.237190	0.318601
atom19	0.003709	-0.199061	0.312738
atom20	0.389597	-0.221698	0.321869
atom21	-0.192297	0.105226	0.306450
atom22	0.176014	0.108546	0.308573
atom23	0.573360	0.125539	0.305520
atom24	-0.003278	0.448160	0.310595
atom25	0.396180	0.450435	0.303610
atom26	0.746690	0.441137	0.306485

27
comment
atom0	-0.758417	-0.431705	-0.308072
atom1	-0.378954	-0.446413	-0.333021
atom2	-0.002666	-0.446565	-0.305615
atom3	-0.568163	-0.118231	-0.301665
atom4	-0.169054	-0.118868	-0.324377
atom5	0.178307	-0.111952	-0.305251
atom6	-0.374444	0.202051	-0.301208
atom7	0.002256	0.222135	-0.299676
atom8	0.378654	0.218051	-0.315414
atom9	-0.565590	-0.316840	-0.013285
atom10	-0.198518	-0.333892	0.012533
atom11	0.204332	-0.335491	-0.010530
atom12	-0.385838	0.004318	0.000467
atom13	-0.016986	0.008771	-0.004210
atom14	0.386369	0.006313	-0.018314
atom15	-0.191327	0.339742	-0.007912
atom16	0.175398	0.325140	0.002342
atom17	0.573347	0.315723	-0.009976
atom18	-0.384698	-0.238376	0.319157
atom19	0.003956	-0.197705	0.312903
atom20	0.390237	-0.221851	0.322642
atom21	-0.192451	0.104928	0.306195
atom22	0.175081	0.108469	0.308460
atom23	0.573584	0.126596	0.305203
atom24	-0.003497	0.448785	0.310617
atom25	0.397258	0.451212	0.303166
atom26	0.745803	0.441293	0.306233

27
comment
atom0	-0.758318	-0.431263	-0.307934
atom1	-0.378889	-0.446889	-0.334443
atom2	-0.002832	-0.447051	-0.305325
atom3	-0.568048	-0.118764	-0.301128
atom4	-0.167745	-0.119441	-0.325258
atom5	0.177576	-0.112093	-0.304938
atom6	-0.374097	0.200967	-0.300642
atom7	0.002397	0.222306	-0.299014
atom8	0.378570	0.217967	-0.315735
atom9	-0.565314	-0.316075	-0.014116
atom10	-0.199051	-0.334193	0.013316
atom11	0.205228	-0.335891	-0.011188
atom12	-0.386203	0.004588	0.000497
atom13	-0.018047	0.009320	-0.004473
atom14	0.386767	0.006708	-0.019459
atom15	-0.191410	0.340408	-0.008407
atom16	0.174485	0.324893	0.002489
atom17	0.573556	0.314888	-0.010599
atom18	-0.384992	-0.239563	0.319712
atom19	0.004204	-0.196350	0.313068
atom20	0.390877	-0.222005	0.323415
atom21	-0.192604	0.104630	0.305941
atom22	0.174149	0.108393	0.308347
atom23	0.573808	0.127652	0.304887
atom24	-0.003715	0.449410	0.310638
atom25	0.398337	0.451989	0.302722
atom26	0.744915	0.441450	0.305981

27
comment
atom0	-0.758219	-0.430820	-0.307797
atom1	-0.378823	-0.447366	-0.335865
atom2	-0.002999	-0.447537	-0.305034
atom3	-0.567934	-0.119297	-0.300590
atom4	-0.166436	-0.120014	-0.326140
atom5	0.176845	-0.112234	-0.304624
atom6	-0.373750	0.199884	-0.300075
atom7	0.002538	0.222477	-0.298352
atom8	0.378486	0.217884	-0.316057
atom9	-0.565039	-0.315309	-0.014946
atom10	-0.199583	-0.334493	0.014099
atom11	0.206124	-0.336291	-0.011846
atom12	-0.386568	0.004858	0.000526
atom13	-0.019109	0.009868	-0.004736
atom14	0.387165	0.007102	-0.020604
atom15	-0.191493	0.341074	-0.008901
atom16	0.173572	0.324646	0.002635
atom17	0.573765	0.314052	-0.011223
atom18	-0.385286	-0.240749	0.320268
atom19	0.004451	-0.194994	0.313232
atom20	0.391517	-0.222158	0.324189
atom21	-0.192757	0.104332	0.305686
atom22	0.173217	0.108316	0.308234
atom23	0.574032	0.128708	0.304570
atom24	-0.003934	0.450035	0.310660
atom25	0.399416	0.452765	0.302278
atom26	0.744028	0.441607	0.305728

27
comment
atom0	-0.758120	-0.430378	-0.307660
atom1	-0.378758	-0.447843	-0.337288
atom2	-0.003166	-0.448023	-0.304743
atom3	-0.567819	-0.119831	-0.300052
atom4	-0.165127	-0.120587	-0.327022
atom5	0.176114	-0.112375	-0.304310
atom6	-0.373403	0.198800	-0.299509
atom7	0.002679	0.222649	-0.297690
atom8	0.378402	0.217800	-0.316379
atom9	-0.564763	-0.314544	-0.015776
atom10	-0.200116	-0.334793	0.014883
atom11	0.207019	-0.336691	-0.012504
atom12	-0.386933	0.005128	0.000555
atom13	-0.020170	0.010416	-0.004999
atom14	0.387563	0.007497	-0.021748
atom15	-0.191575	0.341739	-0.009396
atom16	0.172660	0.324400	0.002781
atom17	0.573974	0.313217	-0.011846
atom18	-0.385579	-0.241936	0.320823
atom19	0.004698	-0.193639	0.313397
atom20	0.392157	-0.222312	0.324962
atom21	-0.192910	0.104034	0.305432
atom22	0.172284	0.108239	0.308121
atom23	0.574256	0.129764	0.304254
atom24	-0.004152	0.450660	0.310682
atom25	0.400494	0.453542	0.301834
atom26	0.743141	0.441764	0.305476

27
comment
atom0	-0.758021	-0.429935	-0.307522
atom1	-0.378693	-0.448319	-0.338710
atom2	-0.003332	-0.448509	-0.304452
atom3	-0.567704	-0.120364	-0.299514
atom4	-0.163818	-0.121160	-0.327904
atom5	0.175383	-0.112516	-0.303997
atom6	-0.373056	0.197716	-0.298943
atom7	0.002820	0.222820	-0.297027
atom8	0.378318	0.217716	-0.316700
atom9	-0.564488	-0.313778	-0.016607
atom10	-0.200648	-0.335093	0.015666
atom11	0.207915	-0.337091	-0.013162
atom12	-0.387297	0.005397	0.000584
atom13	-0.021232	0.010964	-0.005262
atom14	0.387961	0.007892	-0.022893
atom15	-0.191658	0.342405	-0.009891
atom16	0.171747	0.324153	0.002928
atom17	0.574183	0.312382	-0.012470
atom18	-0.385873	-0.243122	0.321379
atom19	0.004945	-0.192284	0.313561
atom20	0.392797	-0.222466	0.325736
atom21	-0.193063	0.103736	0.305177
atom22	0.171352	0.108163	0.308008
atom23	0.574480	0.130820	0.303937
atom24	-0.004371	0.451285	0.310704
atom25	0.401573	0.454318	0.301390
atom26	0.742253	0.441920	0.305224

27
comment
atom0	-0.757922	-0.429492	-0.307385
atom1	-0.378627	-0.448796	-0.340132
atom2	-0.003499	-0.448996	-0.304161
atom3	-0.567589	-0.120898	-0.298977
atom4	-0.162508	-0.121734	-0.328785
atom5	0.174652	-0.112657	-0.303683
atom6	-0.372708	0.196632	-0.298377
atom7	0.002961	0.222991	-0.296365
atom8	0.378234	0.217632	-0.317022
atom9	-0.564212	-0.313012	-0.017437
atom10	-0.201181	-0.335393	0.016449
atom11	0.208811	-0.337491	-0.013821
atom12	-0.387662	0.005667	0.000614
atom13	-0.022294	0.011513	-0.005525
atom14	0.388359	0.008286	-0.024038
atom15	-0.191741	0.343071	-0.010385
atom16	0.170835	0.323906	0.003074
atom17	0.574392	0.311546	-0.013093
atom18	-0.386167	-0.244309	0.321934
atom19	0.005193	-0.190928	0.313726
atom20	0.393436	-0.222619	0.326509
atom21	-0.193216	0.103438	0.304923
atom22	0.170419	0.108086	0.307895
atom23	0.574704	0.131877	0.303621
atom24	-0.004590	0.451910	0.310725
atom25	0.402651	0.455095	0.300946
atom26	0.741366	0.442077	0.304972

27
comment
atom0	-0.757823	-0.429050	-0.307248
atom1	-0.378562	-0.449272	-0.341554
atom2	-0.003666	-0.449482	-0.303871
atom3	-0.567474	-0.121431	-0.298439
atom4	-0.161199	-0.122307	-0.329667
atom5	0.173922	-0.112798	-0.303370
atom6	-0.372361	0.195548	-0.297810
atom7	0.003102	0.223163	-0.295703
atom8	0.378150	0.217548	-0.317343
atom9	-0.563936	-0.312247	-0.018267
atom10	-0.201713	-0.335693	0.017232
atom11	0.209707	-0.337891	-0.014479
atom12	-0.388027	0.005937	0.000643
atom13	-0.023355	0.012061	-0.005789
atom14	0.388757	0.008681	-0.025182
atom15	-0.191824	0.343737	-0.010880
atom16	0.169922	0.323659	0.003220
atom17	0.574602	0.310711	-0.013717
atom18	-0.386460	-0.245495	0.322490
atom19	0.005440	-0.189573	0.313891
atom20	0.394076	-0.222773	0.327282
atom21	-0.193370	0.103140	0.304668
atom22	0.169487	0.108009	0.307782
atom23	0.574928	0.132933	0.303304
atom24	-0.004808	0.452535	0.310747
atom25	0.403730	0.455872	0.300502
atom26	0.740479	0.442234	0.304719

27
comment
atom0	-0.757724	-0.428607	-0.307110
atom1	-0.378496	-0.449749	-0.342976
atom2	-0.003832	-0.449968	-0.303580
atom3	-0.567360	-0.121964	-0.297901
atom4	-0.159890	-0.122880	-0.330549
atom5	0.173191	-0.112939	-0.303056
atom6	-0.372014	0.194464	-0.297244
atom7	0.003243	0.223334	-0.295041
atom8	0.378066	0.217464	-0.317665
atom9	-0.563661	-0.311481	-0.019098
atom10	-0.202245	-0.335994	0.018016
atom11	0.210602	-0.338291	-0.015137
atom12	-0.388392	0.006207	0.000672
atom13	-0.024417	0.012609	-0.006052
atom14	0.389155	0.009075	-0.026327
atom15	-0.191907	0.344402	-0.011374
atom16	0.169009	0.323412	0.003367
atom17	0.574811	0.309875	-0.014340
atom18	-0.386754	-0.246681	0.323045
atom19	0.005687	-0.188217	0.314055
atom20	0.394716	-0.222927	0.328056
atom21	-0.193523	0.102842	0.304413
atom22	0.168555	0.107932	0.307669
atom23	0.575152	0.133989	0.302987
atom24	-0.005027	0.453160	0.310769
atom25	0.404809	0.456648	0.300058
atom26	0.739591	0.442390	0.304467

27
comment
atom0	-0.757625	-0.428165	-0.306973
atom1	-0.378431	-0.450226	-0.344398
atom2	-0.003999	-0.450454	-0.303289
atom3	-0.567245	-0.122498	-0.297364
atom4	-0.158581	-0.123453	-0.331431
atom5	0.172460	-0.113080	-0.302742
atom6	-0.371667	0.193380	-0.296678
atom7	0.003384	0.223505	-0.294379
atom8	0.377982	0.217380	-0.317986
atom9	-0.563385	-0.310716	-0.019928
atom10	-0.202778	-0.336294	0.018799
atom11	0.211498	-0.338691	-0.015795
atom12	-0.388757	0.006477	0.000701
atom13	-0.025478	0.013157	-0.006315
atom14	0.389553	0.009470	-0.027472
atom15	-0.191990	0.345068	-0.011869
atom16	0.168097	0.323165	0.003513
atom17	0.575020	0.309040	-0.014963
atom18	-0.387048	-0.247868	0.323601
atom19	0.005935	-0.186862	0.314220
atom20	0.395356	-0.223080	0.328829
atom21	-0.193676	0.102544	0.304159
atom22	0.167622	0.107856	0.307556
atom23	0.575376	0.135045	0.302671
atom24	-0.005245	0.453784	0.310790
atom25	0.405887	0.457425	0.299614
atom26	0.738704	0.442547	0.304215

27
comment
atom0	-0.757526	-0.427722	-0.306836
atom1	-0.378366	-0.450702	-0.345820
atom2	-0.004165	-0.450940	-0.302998
atom3	-0.567130	-0.123031	-0.296826
atom4	-0.157272	-0.124026	-0.332312
atom5	0.171729	-0.113221	-0.302429
atom6	-0.371319	0.192297	-0.296111
atom7	0.003525	0.223677	-0.293717
atom8	0.377898	0.217296	-0.318308
atom9	-0.563110	-0.309950	-0.020758
atom10	-0.203310	-0.336594	0.019582
atom11	0.212394	-0.339091	-0.016453
atom12	-0.389122	0.006747	0.000730
atom13	-0.026540	0.013705	-0.006578
atom14	0.389951	0.009864	-0.028616
atom15	-0.192073	0.345734	-0.012363
atom16	0.167184	0.322918	0.003660
atom17	0.575229	0.308205	-0.015587
atom18	-0.387341	-0.249054	0.324156
atom19	0.006182	-0.185506	0.314385
atom20	0.395996	-0.223234	0.329602
atom21	-0.193829	0.102246	0.303904
atom22	0.166690	0.107779	0.307443
atom23	0.575600	0.136101	0.302354
atom24	-0.005464	0.454409	0.310812
atom25	0.406966	0.458201	0.299170
atom26	0.737817	0.442704	0.303963

27
comment
atom0	-0.757427	-0.427280	-0.306698
atom1	-0.378300	-0.451179	-0.347242
atom2	-0.004332	-0.451426	-0.302707
atom3	-0.567015	-0.123564	-0.296288
atom4	-0.155963	-0.124600	-0.333194
atom5	0.170998	-0.113362	-0.302115
atom6	-0.370972	0.191213	-0.295545
atom7	0.003666	0.223848	-0.293055
atom8	0.377813	0.217213	-0.318630
atom9	-0.562834	-0.309184	-0.021589
atom10	-0.203843	-0.336894	0.020366
atom11	0.213290	-0.339491	-0.017111
atom12	-0.389487	0.007017	0.000760
atom13	-0.027602	0.014254	-0.006841
atom14	0.390349	0.010259	-0.029761
atom15	-0.192156	0.346400	-0.012858
atom16	0.166271	0.322672	0.003806
atom17	0.575438	0.307369	-0.016210
atom18	-0.387635	-0.250241	0.324712
atom19	0.006429	-0.184151	0.314549
atom20	0.396635	-0.223388	0.330376
atom21	-0.193982	0.101948	0.303650
atom22	0.165757	0.107702	0.307330
atom23	0.575824	0.137158	0.302038
atom24	-0.005682	0.455034	0.310834
atom25	0.408045	0.458978	0.298726
atom26	0.736929	0.442860	0.303710

27
comment
atom0	-0.757328	-0.426837	-0.306561
atom1	-0.378235	-0.451656	-0.348664
atom2	-0.004499	-0.451913	-0.302416
atom3	-0.566900	-0.124098	-0.295750
atom4	-0.154654	-0.125173	-0.334076
atom5	0.170267	-0.113503	-0.301802
atom6	-0.370625	0.190129	-0.294979
atom7	0.003807	0.224020	-0.292393
atom8	0.377729	0.217129	-0.318951
atom9	-0.562558	-0.308419	-0.022419
atom10	-0.204375	-0.337194	0.021149
atom11	0.214185	-0.339891	-0.017769
atom12	-0.389852	0.007286	0.000789
atom13	-0.028663	0.014802	-0.007104
atom14	0.390747	0.010654	-0.030906
atom15	-0.192239	0.347065	-0.013352
atom16	0.165359	0.322425	0.003952
atom17	0.575647	0.306534	-0.016834
atom18	-0.387929	-0.251427	0.325267
atom19	0.006676	-0.182795	0.314714
atom20	0.397275	-0.223541	0.331149
atom21	-0.194135	0.101650	0.303395
atom22	0.164825	0.107626	0.307217
atom23	0.576048	0.138214	0.301721
atom24	-0.005901	0.455659	0.310856
atom25	0.409123	0.459755	0.298282
atom26	0.736042	0.443017	0.303458

27
comment
atom0	-0.757229	-0.426394	-0.306424
atom1	-0.378170	-0.452132	-0.350086
atom2	-0.004665	-0.452399	-0.302126
atom3	-0.566786	-0.124631	-0.295213
atom4	-0.153345	-0.125746	-0.334957
atom5	0.169537	-0.113644	-0.301488
atom6	-0.370278	0.189045	-0.294413
atom7	0.003948	0.224191	-0.291731
atom8	0.377645	0.217045	-0.319273
atom9	-0.562283	-0.307653	-0.023249
atom10	-0.204907	-0.337495	0.021932
atom11	0.215081	-0.340291	-0.018427
atom12	-0.390216	0.007556	0.000818
atom13	-0.029725	0.015350	-0.007367
atom14	0.391146	0.011048	-0.032050
atom15	-0.192322	0.347731	-0.013847
atom16	0.164446	0.322178	0.004099
atom17	0.575857	0.305698	-0.017457
atom18	-0.388222	-0.252614	0.325823
atom19	0.006924	-0.181440	0.314879
atom20	0.397915	-0.223695	0.331922
atom21	-0.194289	0.101352	0.303141
atom22	0.163893	0.107549	0.307104
atom23	0.576272	0.139270	0.301404
atom24	-0.006119	0.456284	0.310877
atom25	0.410202	0.460531	0.297839
atom26	0.735155	0.443174	0.303206

27
comment
atom0	-0.757130	-0.425952	-0.306286
atom1	-0.378104	-0.452609	-0.351508
atom2	-0.004832	-0.452885	-0.301835
atom3	-0.566671	-0.125165	-0.294675
atom4	-0.152035	-0.126319	-0.335839
atom5	0.168806	-0.113785	-0.301174
atom6	-0.369930	0.187961	-0.293846
atom7	0.004089	0.224362	-0.291069
atom8	0.377561	0.216961	-0.319594
atom9	-0.562007	-0.306888	-0.024080
atom10	-0.205440	-0.337795	0.022715
atom11	0.215977	-0.340691	-0.019086
atom12	-0.390581	0.007826	0.000847
atom13	-0.030786	0.015898	-0.007630
atom14	0.391544	0.011443	-0.033195
atom15	-0.192405	0.348397	-0.014341
atom16	0.163533	0.321931	0.004245
atom17	0.576066	0.304863	-0.018081
atom18	-0.388516	-0.253800	0.326378
atom19	0.007171	-0.180084	0.315043
atom20	0.398555	-0.223848	0.332696
atom21	-0.194442	0.101053	0.302886
atom22	0.162960	0.107472	0.306991
atom23	0.576496	0.140326	0.301088
atom24	-0.006338	0.456909	0.310899
atom25	0.411281	0.461308	0.297395
atom26	0.734267	0.443331	0.302954

27
comment
atom0	-0.757031	-0.425509	-0.306149
atom1	-0.378039	-0.453086	-0.352930
atom2	-0.004998	-0.453371	-0.301544
atom3	-0.566556	-0.125698	-0.294137
atom4	-0.150726	-0.126892	-0.336721
atom5	0.168075	-0.113926	-0.300861
atom6	-0.369583	0.186877	-0.293280
atom7	0.004230	0.224534	-0.290407
atom8	0.377477	0.216877	-0.319916
atom9	-0.561731	-0.306122	-0.024910
atom10	-0.205972	-0.338095	0.023499
atom11	0.216873	-0.341091	-0.019744
atom12	-0.390946	0.008096	0.000877
atom13	-0.031848	0.016446	-0.007893
atom14	0.391942	0.011837	-0.034339
atom15	-0.192488	0.349063	-0.014836
atom16	0.162621	0.321684	0.004392
atom17	0.576275	0.304028	-0.018704
atom18	-0.388809	-0.254987	0.326934
atom19	0.007418	-0.178729	0.315208
atom20	0.399195	-0.224002	0.333469
atom21	-0.194595	0.100755	0.302631
atom22	0.162028	0.107396	0.306878
atom23	0.576720	0.141382	0.300771
atom24	-0.006556	0.457534	0.310921
atom25	0.412359	0.462085	0.296951
atom26	0.733380	0.443487	0.302701

27
comment
atom0	-0.756932	-0.425067	-0.306012
atom1	-0.377974	-0.453562	-0.354352
atom2	-0.005165	-0.453857	-0.301253
atom3	-0.566441	-0.126231	-0.293600
atom4	-0.149417	-0.127466	-0.337603
atom5	0.167344	-0.114067	-0.300547
atom6	-0.369236	0.185793	-0.292714
atom7	0.004371	0.224705	-0.289745
atom8	0.377393	0.216793	-0.320237
atom9	-0.561456	-0.305357	-0.025740
atom10	-0.206505	-0.338395	0.024282
atom11	0.217769	-0.341491	-0.020402
atom12	-0.391311	0.008366	0.000906
atom13	-0.032910	0.016995	-0.008157
atom14	0.392340	0.012232	-0.035484
atom15	-0.192570	0.349729	-0.015330
atom16	0.161708	0.321437	0.004538
atom17	0.576484	0.303192	-0.019328
atom18	-0.389103	-0.256173	0.327489
atom19	0.007666	-0.177373	0.315372
atom20	0.399835	-0.224156	0.334242
atom21	-0.194748	0.100457	0.302377
atom22	0.161095	0.107319	0.306765
atom23	0.576944	0.142439	0.300455
atom24	-0.006775	0.458159	0.310943
atom25	0.413438	0.462861	0.296507
atom26	0.732493	0.443644	0.302449

27
comment
atom0	-0.756833	-0.424624	-0.305874
atom1	-0.377908	-0.454039	-0.355774
atom2	-0.005332	-0.454343	-0.300962
atom3	-0.566326	-0.126765	-0.293062
atom4	-0.148108	-0.128039	-0.338484
atom5	0.166613	-0.114208	-0.300234
atom6	-0.368889	0.184710	-0.292147
atom7	0.004512	0.224876	-0.289083
atom8	0.377309	0.216709	-0.320559
atom9	-0.561180	-0.304591	-0.026571
atom10	-0.207037	-0.338695	0.025065
atom11	0.218664	-0.341891	-0.021060
atom12	-0.391676	0.008636	0.000935
atom13	-0.033971	0.017543	-0.008420
atom14	0.392738	0.012626	-0.036629
atom15	-0.192653	0.350394	-0.015825
atom16	0.160795	0.321191	0.004684
atom17	0.576693	0.302357	-0.019951
atom18	-0.389397	-0.257359	0.328045
atom19	0.007913	-0.176018	0.315537
atom20	0.400474	-0.224309	0.335016
atom21	-0.194901	0.100159	0.302122
atom22	0.160163	0.107242	0.306652
atom23	0.577168	0.143495	0.300138
atom24	-0.006994	0.458784	0.310964
atom25	0.414517	0.463638	0.296063
atom26	0.731605	0.443801	0.302197

27
comment
atom0	-0.756734	-0.424182	-0.305737
atom1	-0.377843	-0.454516	-0.357196
atom2	-0.005498	-0.454829	-0.300671
atom3	-0.566212	-0.127298	-0.292524
atom4	-0.146799	-0.128612	-0.339366
atom5	0.165882	-0.114349	-0.299920
atom6	-0.368542	0.183626	-0.291581
atom7	0.004653	0.225048	-0.288421
atom8	0.377225	0.216626	-0.320881
atom9	-0.560905	-0.303825	-0.027401
atom10	-0.207569	-0.338995	0.025849
atom11	0.219560	-0.342292	-0.021718
atom12	-0.392041	0.008906	0.000964
atom13	-0.035033	0.018091	-0.008683
atom14	0.393136	0.013021	-0.037773
atom15	-0.192736	0.351060	-0.016319
atom16	0.159883	0.320944	0.004831
atom17	0.576902	0.301521	-0.020575
atom18	-0.389690	-0.258546	0.328600
atom19	0.008160	-0.174662	0.315702
atom20	0.401114	-0.224463	0.335789
atom21	-0.195054	0.099861	0.301868
atom22	0.159231	0.107165	0.306539
atom23	0.577392	0.144551	0.299822
atom24	-0.007212	0.459409	0.310986
atom25	0.415595	0.464414	0.295619
atom26	0.730718	0.443957	0.301945

27
comment
atom0	-0.756635	-0.423739	-0.305600
atom1	-0.377777	-0.454992	-0.358618
atom2	-0.005665	-0.455316	-0.300381
atom3	-0.566097	-0.127831	-0.291986
atom4	-0.145490	-0.129185	-0.340248
atom5	0.165151	-0.114490	-0.299606
atom6	-0.368194	0.182542	-0.291015
atom7	0.004794	0.225219	-0.287759
atom8	0.377141	0.216542	-0.321202
atom9	-0.560629	-0.303060	-0.028231
atom10	-0.208102	-0.339296	0.026632
atom11	0.220456	-0.342692	-0.022376
atom12	-0.392406	0.009176	0.000993
atom13	-0.036094	0.018639	-0.008946
atom14	0.393534	0.013416	-0.038918
atom15	-0.192819	0.351726	-0.016814
atom16	0.158970	0.320697	0.004977
atom17	0.577112	0.300686	-0.021198
atom18	-0.389984	-0.259732	0.329156
atom19	0.008407	-0.173307	0.315866
atom20	0.401754	-0.224617	0.336562
atom21	-0.195208	0.099563	0.301613
atom22	0.158298	0.107089	0.306426
atom23	0.577616	0.145607	0.299505
atom24	-0.007431	0.460034	0.311008
atom25	0.416674	0.465191	0.295175
atom26	0.729831	0.444114	0.301693

27
comment
atom0	-0.756536	-0.423296	-0.305462
atom1	-0.377712	-0.455469	-0.360040
atom2	-0.005832	-0.455802	-0.300090
atom3	-0.565982	-0.128365	-0.291449
atom4	-0.144181	-0.129758	-0.341130
atom5	0.164421	-0.114631	-0.299293
atom6	-0.367847	0.181458	-0.290448
atom7	0.004935	0.225390	-0.287097
atom8	0.377057	0.216458	-0.321524
atom9	-0.560353	-0.302294	-0.029062
atom10	-0.208634	-0.339596	0.027415
atom11	0.221352	-0.343092	-0.023034
atom12	-0.392771	0.009445	0.001023
atom13	-0.037156	0.019188	-0.009209
atom14	0.393932	0.013810	-0.040063
atom15	-0.192902	0.352392	-0.017308
atom16	0.158058	0.320450	0.005124
atom17	0.577321	0.299851	-0.021822
atom18	-0.390278	-0.260919	0.329711
atom19	0.008655	-0.171951	0.316031
atom20	0.402394	-0.224770	0.337336
atom21	-0.195361	0.099265	0.301359
atom22	0.157366	0.107012	0.306313
atom23	0.577840	0.146663	0.299188
atom24	-0.007649	0.460659	0.311030
atom25	0.417752	0.465968	0.294731
atom26	0.728943	0.444271	0.301440

27
comment
atom0	-0.756437	-0.422854	-0.305325
atom1	-0.377647	-0.455946	-0.361462
atom2	-0.005998	-0.456288	-0.299799
atom3	-0.565867	-0.128898	-0.290911
atom4	-0.142872	-0.130331	-0.342011
atom5	0.163690	-0.114772	-0.298979
atom6	-0.367500	0.180374	-0.289882
atom7	0.005076	0.225562	-0.286434
atom8	0.376973	0.216374	-0.321845
atom9	-0.560078	-0.301529	-0.029892
atom10	-0.209167	-0.339896	0.028199
atom11	0.222247	-0.343492	-0.023692
atom12	-0.393135	0.009715	0.001052
atom13	-0.038218	0.019736	-0.009472
atom14	0.394330	0.014205	-0.041207
atom15	-0.192985	0.353057	-0.017803
atom16	0.157145	0.320203	0.005270
atom17	0.577530	0.299015	-0.022445
atom18	-0.390571	-0.262105	0.330267
atom19	0.008902	-0.170596	0.316196
atom20	0.403034	-0.224924	0.338109
atom21	-0.195514	0.098967	0.301104
atom22	0.156433	0.106935	0.306200
atom23	0.578064	0.147720	0.298872
atom24	-0.007868	0.461284	0.311051
atom25	0.418831	0.466744	0.294287
atom26	0.728056	0.444427	0.301188

27
comment
atom0	-0.756338	-0.422411	-0.305188
atom1	-0.377581	-0.456422	-0.362884
atom2	-0.006165	-0.456774	-0.299508
atom3	-0.565752	-0.129432	-0.290373
atom4	-0.141562	-0.130905	-0.342893
atom5	0.162959	-0.114913	-0.298666
atom6	-0.367153	0.179290	-0.289316
atom7	0.005217	0.225733	-0.285772
atom8	0.376888	0.216290	-0.322167
atom9	-0.559802	-0.300763	-0.030723
atom10	-0.209699	-0.340196	0.028982
atom11	0.223143	-0.343892	-0.024351
atom12	-0.393500	0.009985	0.001081
atom13	-0.039279	0.020284	-0.009735
atom14	0.394728	0.014599	-0.042352
atom15	-0.193068	0.353723	-0.018297
atom16	0.156232	0.319956	0.005416
atom17	0.577739	0.298180	-0.023069
atom18	-0.390865	-0.263292	0.330823
atom19	0.009149	-0.169240	0.316360
atom20	0.403674	-0.225077	0.338882
atom21	-0.195667	0.098669	0.300849
atom22	0.155501	0.106859	0.306087
atom23	0.578288	0.148776	0.298555
atom24	-0.008086	0.461909	0.311073
atom25	0.419910	0.467521	0.293843
atom26	0.727169	0.444584	0.300936

27
comment
atom0	-0.756239	-0.421969	-0.305050
atom1	-0.377516	-0.456899	-0.364306
atom2	-0.006331	-0.457260	-0.299217
atom3	-0.565638	-0.129965	-0.289836
atom4	-0.140253	-0.131478	-0.343775
atom5	0.162228	-0.115054	-0.298352
atom6	-0.366805	0.178206	-0.288750
atom7	0.005358	0.225904	-0.285110
atom8	0.376804	0.216206	-0.322488
atom9	-0.559526	-0.299997	-0.031553
atom10	-0.210231	-0.340496	0.029765
atom11	0.224039	-0.344292	-0.025009
atom12	-0.393865	0.010255	0.001110
atom13	-0.040341	0.020832	-0.009998
atom14	0.395126	0.014994	-0.043497
atom15	-0.193151	0.354389	-0.018792
atom16	0.155320	0.319709	0.005563
atom17	0.577948	0.297344	-0.023692
atom18	-0.391159	-0.264478	0.331378
atom19	0.009396	-0.167885	0.316525
atom20	0.404313	-0.225231	0.339656
atom21	-0.195820	0.098371	0.300595
atom22	0.154569	0.106782	0.305974
atom23	0.578512	0.149832	0.298239
atom24	-0.008305	0.462533	0.311095
atom25	0.420988	0.468297	0.293399
atom26	0.726281	0.444741	0.300684

27
comment
atom0	-0.756141	-0.421526	-0.304913
atom1	-0.377451	-0.457375	-0.365728
atom2	-0.006498	-0.457746	-0.298926
atom3	-0.565523	-0.130498	-0.289298
atom4	-0.138944	-0.132051	-0.344657
atom5	0.161497	-0.115195	-0.298038
atom6	-0.366458	0.177123	-0.288183
atom7	0.005499	0.226076	-0.284448
atom8	0.376720	0.216122	-0.322810
atom9	-0.559251	-0.299232	-0.032383
atom10	-0.210764	-0.340796	0.030548
atom11	0.224935	-0.344692	-0.025667
atom12	-0.394230	0.010525	0.001139
atom13	-0.041403	0.021380	-0.010262
atom14	0.395524	0.015388	-0.044641
atom15	-0.193234	0.355055	-0.019286
atom16	0.154407	0.319463	0.005709
atom17	0.578157	0.296509	-0.024316
atom18	-0.391452	-0.265665	0.331934
atom19	0.009644	-0.166529	0.316689
atom20	0.404953	-0.225385	0.340429
atom21	-0.195973	0.098073	0.300340
atom22	0.153636	0.106705	0.305861
atom23	0.578736	0.150888	0.297922
atom24	-0.008523	0.463158	0.311117
atom25	0.422067	0.469074	0.292955
atom26	0.725394	0.444898	0.300431

27
comment
atom0	-0.756042	-0.421084	-0.304776
atom1	-0.377385	-0.457852	-0.367150
atom2	-0.006665	-0.458233	-0.298636
atom3	-0.565408	-0.131032	-0.288760
atom4	-0.137635	-0.132624	-0.345538
atom5	0.160766	-0.115336	-0.297725
atom6	-0.366111	0.176039	-0.287617
atom7	0.005640	0.226247	-0.283786
atom8	0.376636	0.216038	-0.323132
atom9	-0.558975	-0.298466	-0.033214
atom10	-0.211296	-0.341097	0.031332
atom11	0.225830	-0.345092	-0.026325
atom12	-0.394595	0.010795	0.001169
atom13	-0.042464	0.021929	-0.010525
atom14	0.395922	0.015783	-0.045786
atom15	-0.193317	0.355721	-0.019781
atom16	0.153494	0.319216	0.005855
atom17	0.578367	0.295674	-0.024939
atom18	-0.391746	-0.266851	0.332489
atom19	0.009891	-0.165174	0.316854
atom20	0.405593	-0.225538	0.341202
atom21	-0.196126	0.097775	0.300086
atom22	0.152704	0.106629	0.305748
atom23	0.578960	0.151944	0.297606
atom24	-0.008742	0.463783	0.311138
atom25	0.423146	0.469851	0.292511
atom26	0.724507	0.445054	0.300179

27
comment
atom0	-0.755943	-0.420641	-0.304639
atom1	-0.377320	-0.458329	-0.368572
atom2	-0.006831	-0.458719	-0.298345
atom3	-0.565293	-0.131565	-0.288222
atom4	-0.136326	-0.133197	-0.346420
atom5	0.160036	-0.115477	-0.297411
atom6	-0.365764	0.174955	-0.287051
atom7	0.005781	0.226418	-0.283124
atom8	0.376552	0.215955	-0.323453
atom9	-0.558700	-0.297701	-0.034044
atom10	-0.211829	-0.341397	0.032115
atom11	0.226726	-0.345492	-0.026983
atom12	-0.394960	0.011065	0.001198
atom13	-0.043526	0.022477	-0.010788
atom14	0.396320	0.016178	-0.046931
atom15	-0.193400	0.356386	-0.020276
atom16	0.152582	0.318969	0.006002
atom17	0.578576	0.294838	-0.025563
atom18	-0.392040	-0.268037	0.333045
atom19	0.010138	-0.163819	0.317019
atom20	0.406233	-0.225692	0.341976
atom21	-0.196280	0.097477	0.299831
atom22	0.151771	0.106552	0.305635
atom23	0.579184	0.153001	0.297289
atom24	-0.008961	0.464408	0.311160
atom25	0.424224	0.470627	0.292067
atom26	0.723619	0.445211	0.299927

27
comment
atom0	-0.755844	-0.420199	-0.304501
atom1	-0.377254	-0.458805	-0.369994
atom2	-0.006998	-0.459205	-0.298054
atom3	-0.565178	-0.132098	-0.287685
atom4	-0.135017	-0.133771	-0.347302
atom5	0.159305	-0.115618	-0.297098
atom6	-0.365417	0.173871	-0.286484
atom7	0.005922	0.226590	-0.282462
atom8	0.376468	0.215871	-0.323775
atom9	-0.558424	-0.296935	-0.034874
atom10	-0.212361	-0.341697	0.032898
atom11	0.227622	-0.345892	-0.027641
atom12	-0.395325	0.011335	0.001227
atom13	-0.044587	0.023025	-0.011051
atom14	0.396718	0.016572	-0.048075
atom15	-0.193483	0.357052	-0.020770
atom16	0.151669	0.318722	0.006148
atom17	0.578785	0.294003	-0.026186
atom18	-0.392333	-0.269224	0.333600
atom19	0.010386	-0.162463	0.317183
atom20	0.406873	-0.225846	0.342749
atom21	-0.196433	0.097179	0.299576
atom22	0.150839	0.106475	0.305522
atom23	0.579408	0.154057	0.296972
atom24	-0.009179	0.465033	0.311182
atom25	0.425303	0.471404	0.291623
atom26	0.722732	0.445368	0.299675

27
comment
atom0	-0.755745	-0.419756	-0.304364
atom1	-0.377189	-0.459282	-0.371417
atom2	-0.007164	-0.459691	-0.297763
atom3	-0.565064	-0.132632	-0.287147
atom4	-0.133708	-0.134344	-0.348184
atom5	0.158574	-0.115759	-0.296784
atom6	-0.365069	0.172787	-0.285918
atom7	0.006063	0.226761	-0.281800
atom8	0.376384	0.215787	-0.324096
atom9	-0.558148	-0.296169	-0.035705
atom10	-0.212893	-0.341997	0.033682
atom11	0.228518	-0.346292	-0.028299
atom12	-0.395690	0.011604	0.001256
atom13	-0.045649	0.023573	-0.011314
atom14	0.397116	0.016967	-0.049220
atom15	-0.193565	0.357718	-0.021265
atom16	0.150756	0.318475	0.006295
atom17	0.578994	0.293167	-0.026810
atom18	-0.392627	-0.270410	0.334156
atom19	0.010633	-0.161108	0.317348
atom20	0.407513	-0.225999	0.343522
atom21	-0.196586	0.096881	0.299322
atom22	0.149907	0.106398	0.305409
atom23	0.579632	0.155113	0.296656
atom24	-0.009398	0.465658	0.311204
atom25	0.426382	0.472180	0.291180
atom26	0.721845	0.445524	0.299422

27
comment
atom0	-0.755646	-0.419313	-0.304227
atom1	-0.377124	-0.459759	-0.372839
atom2	-0.007331	-0.460177	-0.297472
atom3	-0.564949	-0.133165	-0.286609
atom4	-0.132399	-0.134917	-0.349065
atom5	0.157843	-0.115900	-0.296470
atom6	-0.364722	0.171703	-0.285352
atom7	0.006204	0.226932	-0.281138
atom8	0.376300	0.215703	-0.324418
atom9	-0.557873	-0.295404	-0.036535
atom10	-0.213426	-0.342297	0.034465
atom11	0.229413	-0.346692	-0.028957
atom12	-0.396054	0.011874	0.001286
atom13	-0.046711	0.024121	-0.011577
atom14	0.397514	0.017361	-0.050365
atom15	-0.193648	0.358384	-0.021759
atom16	0.149844	0.318228	0.006441
atom17	0.579203	0.292332	-0.027433
atom18	-0.392921	-0.271597	0.334711
atom19	0.010880	-0.159752	0.317513
atom20	0.408152	-0.226153	0.344296
atom21	-0.196739	0.096583	0.299067
atom22	0.148974	0.106322	0.305296
atom23	0.579856	0.156169	0.296339
atom24	-0.009616	0.466283	0.311225
atom25	0.427460	0.472957	0.290736
atom26	0.720957	0.445681	0.299170

27
comment
atom0	-0.755547	-0.418871	-0.304089
atom1	-0.377058	-0.460235	-0.374261
atom2	-0.007498	-0.460663	-0.297182
atom3	-0.564834	-0.133699	-0.286072
atom4	-0.131089	-0.135490	-0.349947
atom5	0.157112	-0.116041	-0.296157
atom6	-0.364375	0.170619	-0.284786
atom7	0.006345	0.227104	-0.280476
atom8	0.376216	0.215619	-0.324739
atom9	-0.557597	-0.294638	-0.037365
atom10	-0.213958	-0.342598	0.035248
atom11	0.230309	-0.347092	-0.029615
atom12	-0.396419	0.012144	0.001315
atom13	-0.047772	0.024670	-0.011840
atom14	0.397912	0.017756	-0.051509
atom15	-0.193731	0.359049	-0.022254
atom16	0.148931	0.317982	0.006587
atom17	0.579412	0.291497	-0.028056
atom18	-0.393214	-0.272783	0.335267
atom19	0.011127	-0.158397	0.317677
atom20	0.408792	-0.226306	0.345069
atom21	-0.196892	0.096285	0.298813
atom22	0.148042	0.106245	0.305183
atom23	0.580080	0.157225	0.296023
atom24	-0.009835	0.466908	0.311247
atom25	0.428539	0.473734	0.290292
atom26	0.720070	0.445838	0.298918

27
comment
atom0	-0.755448	-0.418428	-0.303952
atom1	-0.376993	-0.460712	-0.375683
atom2	-0.007664	-0.461150	-0.296891
atom3	-0.564719	-0.134232	-0.285534
atom4	-0.129780	-0.136063	-0.350829
atom5	0.156381	-0.116182	-0.295843
atom6	-0.364028	0.169536	-0.284219
atom7	0.006486	0.227275	-0.279814
atom8	0.376132	0.215535	-0.325061
atom9	-0.557321	-0.293873	-0.038196
atom10	-0.214491	-0.342898	0.036031
atom11	0.231205	-0.347492	-0.030274
atom12	-0.396784	0.012414	0.001344
atom13	-0.048834	0.025218	-0.012103
atom14	0.398311	0.018151	-0.052654
atom15	-0.193814	0.359715	-0.022748
atom16	0.148018	0.317735	0.006734
atom17	0.579622	0.290661	-0.028680
atom18	-0.393508	-0.273970	0.335822
atom19	0.011375	-0.157041	0.317842
atom20	0.409432	-0.226460	0.345842
atom21	-0.197045	0.095987	0.298558
atom22	0.147109	0.106168	0.305070
atom23	0.580304	0.158281	0.295706
atom24	-0.010053	0.467533	0.311269
atom25	0.429617	0.474510	0.289848
atom26	0.719183	0.445994	0.298666

27
comment
atom0	-0.755349	-0.417986	-0.303815
atom1	-0.376928	-0.461189	-0.377105
atom2	-0.007831	-0.461636	-0.296600
atom3	-0.564604	-0.134765	-0.284996
atom4	-0.128471	-0.136637	-0.351711
atom5	0.155651	-0.116323	-0.295530
atom6	-0.363680	0.168452	-0.283653
atom7	0.006627	0.227447	-0.279152
atom8	0.376047	0.215451	-0.325383
atom9	-0.557046	-0.293107	-0.039026
atom10	-0.215023	-0.343198	0.036815
atom11	0.232101	-0.347892	-0.030932
atom12	-0.397149	0.012684	0.001373
atom13	-0.049895	0.025766	-0.012366
atom14	0.398709	0.018545	-0.053799
atom15	-0.193897	0.360381	-0.023243
atom16	0.147106	0.317488	0.006880
atom17	0.579831	0.289826	-0.029303
atom18	-0.393802	-0.275156	0.336378
atom19	0.011622	-0.155686	0.318007
atom20	0.410072	-0.226614	0.346616
atom21	-0.197199	0.095689	0.298304
atom22	0.146177	0.106092	0.304957
atom23	0.580528	0.159338	0.295389
atom24	-0.010272	0.468158	0.311291
atom25	0.430696	0.475287	0.289404
atom26	0.718295	0.446151	0.298413

27
comment
atom0	-0.755250	-0.417543	-0.303677
atom1	-0.376862	-0.461665	-0.378527
atom2	-0.007997	-0.462122	-0.296309
atom3	-0.564489	-0.135299	-0.284458
atom4	-0.127162	-0.137210	-0.352592
atom5	0.154920	-0.116464	-0.295216
atom6	-0.363333	0.167368	-0.283087
atom7	0.006768	0.227618	-0.278490
atom8	0.375963	0.215368	-0.325704
atom9	-0.556770	-0.292342	-0.039856
atom10	-0.215555	-0.343498	0.037598
atom11	0.232996	-0.348292	-0.031590
atom12	-0.397514	0.012954	0.001402
atom13	-0.050957	0.026314	-0.012630
atom14	0.399107	0.018940	-0.054943
atom15	-0.193980	0.361047	-0.023737
atom16	0.146193	0.317241	0.007027
atom17	0.580040	0.288990	-0.029927
atom18	-0.394095	-0.276343	0.336933
atom19	0.011869	-0.154330	0.318171
atom20	0.410712	-0.226767	0.347389
atom21	-0.197352	0.095391	0.298049
atom22	0.145244	0.106015	0.304844
atom23	0.580752	0.160394	0.295073
atom24	-0.010490	0.468783	0.311312
atom25	0.431775	0.476064	0.288960
atom26	0.717408	0.446308	0.298161

27
comment
atom0	-0.755151	-0.417101	-0.303540
atom1	-0.376797	-0.462142	-0.379949
atom2	-0.008164	-0.462608	-0.296018
atom3	-0.564375	-0.135832	-0.283921
atom4	-0.125853	-0.137783	-0.353474
atom5	0.154189	-0.116605	-0.294902
atom6	-0.362986	0.166284	-0.282520
atom7	0.006909	0.227789	-0.277828
atom8	0.375879	0.215284	-0.326026
atom9	-0.556495	-0.291576	-0.040687
atom10	-0.216088	-0.343798	0.038381
atom11	0.233892	-0.348692	-0.032248
atom12	-0.397879	0.013224	0.001432
atom13	-0.052019	0.026863	-0.012893
atom14	0.399505	0.019334	-0.056088
atom15	-0.194063	0.361712	-0.024232
atom16	0.145281	0.316994	0.007173
atom17	0.580249	0.288155	-0.030550
atom18	-0.394389	-0.277529	0.337489
atom19	0.012116	-0.152975	0.318336
atom20	0.411352	-0.226921	0.348162
atom21	-0.197505	0.095093	0.297794
atom22	0.144312	0.105938	0.304731
atom23	0.580976	0.161450	0.294756
atom24	-0.010709	0.469408	0.311334
atom25	0.432853	0.476840	0.288516
atom26	0.716521	0.446465	0.297909

27
comment
atom0	-0.755052	-0.416658	-0.303403
atom1	-0.376731	-0.462619	-0.381371
atom2	-0.008331	-0.463094	-0.295727
atom3	-0.564260	-0.136366	-0.283383
atom4	-0.124544	-0.138356	-0.354356
atom5	0.153458	-0.116746	-0.294589
atom6	-0.362639	0.165200	-0.281954
atom7	0.007050	0.227961	-0.277166
atom8	0.375795	0.215200	-0.326347
atom9	-0.556219	-0.290810	-0.041517
atom10	-0.216620	-0.344098	0.039165
atom11	0.234788	-0.349093	-0.032906
atom12	-0.398244	0.013493	0.001461
atom13	-0.053080	0.027411	-0.013156
atom14	0.399903	0.019729	-0.057232
atom15	-0.194146	0.362378	-0.024726
atom16	0.144368	0.316747	0.007319
atom17	0.580458	0.287320	-0.031174
atom18	-0.394682	-0.278715	0.338044
atom19	0.012364	-0.151619	0.318500
atom20	0.411991	-0.227075	0.348936
atom21	-0.197658	0.094795	0.297540
atom22	0.143380	0.105861	0.304618
atom23	0.581200	0.162506	0.294440
atom24	-0.010927	0.470033	0.311356
atom25	0.433932	0.477617	0.288072
atom26	0.715634	0.446621	0.297657

27
comment
atom0	-0.754953	-0.416215	-0.303265
atom1	-0.376666	-0.463095	-0.382793
atom2	-0.008497	-0.463580	-0.295437
atom3	-0.564145	-0.136899	-0.282845
atom4	-0.123235	-0.138929	-0.355238
atom5	0.152727	-0.116887	-0.294275
atom6	-0.362292	0.164116	-0.281388
atom7	0.007191	0.228132	-0.276504
atom8	0.375711	0.215116	-0.326669
atom9	-0.555943	-0.290045	-0.042347
atom10	-0.217153	-0.344399	0.039948
atom11	0.235684	-0.349493	-0.033564
atom12	-0.398609	0.013763	0.001490
atom13	-0.054142	0.027959	-0.013419
atom14	0.400301	0.020123	-0.058377
atom15	-0.194229	0.363044	-0.025221
atom16	0.143455	0.316500	0.007466
atom17	0.580667	0.286484	-0.031797
atom18	-0.394976	-0.279902	0.338600
atom19	0.012611	-0.150264	0.318665
atom20	0.412631	-0.227228	0.349709
atom21	-0.197811	0.094497	0.297285
atom22	0.142447	0.105785	0.304505
atom23	0.581424	0.163562	0.294123
atom24	-0.011146	0.470658	0.311378
atom25	0.435011	0.478393	0.287628
atom26	0.714746	0.446778	0.297404

27
comment
atom0	-0.754854	-0.415773	-0.303128
atom1	-0.376601	-0.463572	-0.384215
atom2	-0.008664	-0.464067	-0.295146
atom3	-0.564030	-0.137432	-0.282308
atom4	-0.121926	-0.139503	-0.356119
atom5	0.151996	-0.117028	-0.293962
atom6	-0.361944	0.163032	-0.280821
atom7	0.007332	0.228303	-0.275841
atom8	0.375627	0.215032	-0.326990
atom9	-0.555668	-0.289279	-0.043178
atom10	-0.217685	-0.344699	0.040731
atom11	0.236579	-0.349893	-0.034222
atom12	-0.398973	0.014033	0.001519
atom13	-0.055203	0.028507	-0.013682
atom14	0.400699	0.020518	-0.059522
atom15	-0.194312	0.363710	-0.025715
atom16	0.142543	0.316254	0.007612
atom17	0.580877	0.285649	-0.032421
atom18	-0.395270	-0.281088	0.339155
atom19	0.012858	-0.148908	0.318830
atom20	0.413271	-0.227382	0.350482
atom21	-0.197964	0.094199	0.297031
atom22	0.141515	0.105708	0.304392
atom23	0.581648	0.164619	0.293807
atom24	-0.011365	0.471282	0.311399
atom25	0.436089	0.479170	0.287184
atom26	0.713859	0.446935	0.297152

27
comment
atom0	-0.754755	-0.415330	-0.302991
atom1	-0.376535	-0.464049	-0.385637
atom2	-0.008831	-0.464553	-0.294855
atom3	-0.563915	-0.137966	-0.281770
atom4	-0.120616	-0.140076	-0.357001
atom5	0.151266	-0.117169	-0.293648
atom6	-0.361597	0.161949	-0.280255
atom7	0.007473	0.228475	-0.275179
atom8	0.375543	0.214948	-0.327312
atom9	-0.555392	-0.288514	-0.044008
atom10	-0.218217	-0.344999	0.041514
atom11	0.237475	-0.350293	-0.034880
atom12	-0.399338	0.014303	0.001549
atom13	-0.056265	0.029055	-0.013945
atom14	0.401097	0.020913	-0.060666
atom15	-0.194395	0.364376	-0.026210
atom16	0.141630	0.316007	0.007758
atom17	0.581086	0.284813	-0.033044
atom18	-0.395563	-0.282275	0.339711
atom19	0.013106	-0.147553	0.318994
atom20	0.413911	-0.227536	0.351256
atom21	-0.198118	0.093901	0.296776
atom22	0.140582	0.105631	0.304279
atom23	0.581872	0.165675	0.293490
atom24	-0.011583	0.471907	0.311421
atom25	0.437168	0.479947	0.286740
atom26	0.712972	0.447091	0.296900

27
comment
atom0	-0.754656	-0.414888	-0.302853
atom1	-0.376470	-0.464525	-0.387059
atom2	-0.008997	-0.465039	-0.294564
atom3	-0.563801	-0.138499	-0.281232
atom4	-0.119307	-0.140649	-0.357883
atom5	0.150535	-0.117310	-0.293334
atom6	-0.361250	0.160865	-0.279689
atom7	0.007614	0.228646	-0.274517
atom8	0.375459	0.214864	-0.327634
atom9	-0.555117	-0.287748	-0.044838
atom10	-0.218750	-0.345299	0.042298
atom11	0.238371	-0.350693	-0.035539
atom12	-0.399703	0.014573	0.001578
atom13	-0.057327	0.029604	-0.014208
atom14	0.401495	0.021307	-0.061811
atom15	-0.194478	0.365041	-0.026704
atom16	0.140717	0.315760	0.007905
atom17	0.581295	0.283978	-0.033668
atom18	-0.395857	-0.283461	0.340266
atom19	0.013353	-0.146197	0.319159
atom20	0.414551	-0.227689	0.352029
atom21	-0.198271	0.093603	0.296522
atom22	0.139650	0.105555	0.304166
atom23	0.582096	0.166731	0.293173
atom24	-0.011802	0.472532	0.311443
atom25	0.438247	0.480723	0.286296
atom26	0.712084	0.447248	0.296648

27
comment
atom0	-0.754557	-0.414445	-0.302716
atom1	-0.376405	-0.465002	-0.388481
atom2	-0.009164	-0.465525	-0.294273
atom3	-0.563686	-0.139032	-0.280694
atom4	-0.117998	-0.141222	-0.358765
atom5	0.149804	-0.117451	-0.293021
atom6	-0.360903	0.159781	-0.279123
atom7	0.007754	0.228817	-0.273855
atom8	0.375375	0.214780	-0.327955
atom9	-0.554841	-0.286982	-0.045669
atom10	-0.219282	-0.345599	0.043081
atom11	0.239267	-0.351093	-0.036197
atom12	-0.400068	0.014843	0.001607
atom13	-0.058388	0.030152	-0.014471
atom14	0.401893	0.021702	-0.062956
atom15	-0.194560	0.365707	-0.027199
atom16	0.139805	0.315513	0.008051
atom17	0.581504	0.283143	-0.034291
atom18	-0.396151	-0.284648	0.340822
atom19	0.013600	-0.144842	0.319324
atom20	0.415190	-0.227843	0.352802
atom21	-0.198424	0.093304	0.296267
atom22	0.138718	0.105478	0.304053
atom23	0.582320	0.167787	0.292857
atom24	-0.012020	0.473157	0.311464
atom25	0.439325	0.481500	0.285852
atom26	0.711197	0.447405	0.296395

27
comment
atom0	-0.754458	-0.414003	-0.302579
atom1	-0.376339	-0.465478	-0.389903
atom2	-0.009330	-0.466011	-0.293982
atom3	-0.563571	-0.139566	-0.280157
atom4	-0.116689	-0.141795	-0.359646
atom5	0.149073	-0.117592	-0.292707
atom6	-0.360555	0.158697	-0.278556
atom7	0.007895	0.228989	-0.273193
atom8	0.375291	0.214697	-0.328277
atom9	-0.554565	-0.286217	-0.046499
atom10	-0.219815	-0.345899	0.043864
atom11	0.240162	-0.351493	-0.036855
atom12	-0.400433	0.015113	0.001636
atom13	-0.059450	0.030700	-0.014735
atom14	0.402291	0.022096	-0.064100
atom15	-0.194643	0.366373	-0.027693
atom16	0.138892	0.315266	0.008198
atom17	0.581713	0.282307	-0.034915
atom18	-0.396444	-0.285834	0.341377
atom19	0.013847	-0.143486	0.319488
atom20	0.415830	-0.227996	0.353576
atom21	-0.198577	0.093006	0.296012
atom22	0.137785	0.105401	0.303940
atom23	0.582544	0.168843	0.292540
atom24	-0.012239	0.473782	0.311486
atom25	0.440404	0.482276	0.285408
atom26	0.710310	0.447561	0.296143

27
comment
atom0	-0.754359	-0.413560	-0.302441
atom1	-0.376274	-0.465955	-0.391325
atom2	-0.009497	-0.466497	-0.293692
atom3	-0.563456	-0.140099	-0.279619
atom4	-0.115380	-0.142369	-0.360528
atom5	0.148342	-0.117733	-0.292394
atom6	-0.360208	0.157613	-0.277990
atom7	0.008036	0.229160	-0.272531
atom8	0.375206	0.214613	-0.328598
atom9	-0.554290	-0.285451	-0.047329
atom10	-0.220347	-0.346200	0.044648
atom11	0.241058	-0.351893	-0.037513
atom12	-0.400798	0.015383	0.001665
atom13	-0.060511	0.031248	-0.014998
atom14	0.402689	0.022491	-0.065245
atom15	-0.194726	0.367039	-0.028188
atom16	0.137979	0.315019	0.008344
atom17	0.581922	0.281472	-0.035538
atom18	-0.396738	-0.287021	0.341933
atom19	0.014095	-0.142131	0.319653
atom20	0.416470	-0.228150	0.354349
atom21	-0.198730	0.092708	0.295758
atom22	0.136853	0.105325	0.303827
atom23	0.582768	0.169900	0.292224
atom24	-0.012457	0.474407	0.311508
atom25	0.441483	0.483053	0.284964
atom26	0.709422	0.447718	0.295891

27
comment
atom0	-0.754260	-0.413118	-0.302304
atom1	-0.376208	-0.466432	-0.392747
atom2	-0.009664	-0.466983	-0.293401
atom3	-0.563341	-0.140633	-0.279081
atom4	-0.114071	-0.142942	-0.361410
atom5	0.147611	-0.117874	-0.292080
atom6	-0.359861	0.156529	-0.277424
atom7	0.008177	0.229331	-0.271869
atom8	0.375122	0.214529	-0.328920
atom9	-0.554014	-0.284686	-0.048160
atom10	-0.220880	-0.346500	0.045431
atom11	0.241954	-0.352293	-0.038171
atom12	-0.401163	0.015652	0.001695
atom13	-0.061573	0.031796	-0.015261
atom14	0.403087	0.022885	-0.066390
atom15	-0.194809	0.367704	-0.028682
atom16	0.137067	0.314773	0.008490
atom17	0.582132	0.280636	-0.036162
atom18	-0.397032	-0.288207	0.342488
atom19	0.014342	-0.140775	0.319818
atom20	0.417110	-0.228304	0.355122
atom21	-0.198883	0.092410	0.295503
atom22	0.135920	0.105248	0.303714
atom23	0.582992	0.170956	0.291907
atom24	-0.012676	0.475032	0.311530
atom25	0.442561	0.483830	0.284520
atom26	0.708535	0.447875	0.295639

27
comment
atom0	-0.754161	-0.412675	-0.302167
atom1	-0.376143	-0.466908	-0.394169
atom2	-0.009830	-0.467470	-0.293110
atom3	-0.563227	-0.141166	-0.278544
atom4	-0.112762	-0.143515	-0.362292
atom5	0.146881	-0.118015	-0.291766
atom6	-0.359514	0.155445	-0.276857
atom7	0.008318	0.229503	-0.271207
atom8	0.375038	0.214445	-0.329241
atom9	-0.553738	-0.283920	-0.048990
atom10	-0.221412	-0.346800	0.046214
atom11	0.242850	-0.352693	-0.038829
atom12	-0.401528	0.015922	0.001724
atom13	-0.062635	0.032345	-0.015524
atom14	0.403485	0.023280	-0.067534
atom15	-0.194892	0.368370	-0.029177
atom16	0.136154	0.314526	0.008637
atom17	0.582341	0.279801	-0.036785
atom18	-0.397325	-0.289394	0.343044
atom19	0.014589	-0.139420	0.319982
atom20	0.417750	-0.228457	0.355896
atom21	-0.199037	0.092112	0.295249
atom22	0.134988	0.105171	0.303601
atom23	0.583216	0.172012	0.291590
atom24	-0.012894	0.475657	0.311551
atom25	0.443640	0.484606	0.284077
atom26	0.707648	0.448032	0.295386

27
comment
atom0	-0.754062	-0.412232	-0.302029
atom1	-0.376078	-0.467385	-0.395591
atom2	-0.009997	-0.467956	-0.292819
atom3	-0.563112	-0.141699	-0.278006
atom4	-0.111453	-0.144088	-0.363173
atom5	0.146150	-0.118156	-0.291453
atom6	-0.359167	0.154361	-0.276291
atom7	0.008459	0.229674	-0.270545
atom8	0.374954	0.214361	-0.329563
atom9	-0.553463	-0.283155	-0.049820
atom10	-0.221944	-0.347100	0.046998
atom11	0.243746	-0.353093	-0.039487
atom12	-0.401892	0.016192	0.001753
atom13	-0.063696	0.032893	-0.015787
atom14	0.403883	0.023675	-0.068679
atom15	-0.194975	0.369036	-0.029672
atom16	0.135242	0.314279	0.008783
atom17	0.582550	0.278966	-0.037409
atom18	-0.397619	-0.290580	0.343599
atom19	0.014836	-0.138064	0.320147
atom20	0.418390	-0.228611	0.356669
atom21	-0.199190	0.091814	0.294994
atom22	0.134056	0.105094	0.303488
atom23	0.583440	0.173068	0.291274
atom24	-0.013113	0.476282	0.311573
atom25	0.444718	0.485383	0.283633
atom26	0.706760	0.448188	0.295134

27
comment
atom0	-0.753963	-0.411790	-0.301892
atom1	-0.376012	-0.467862	-0.397013
atom2	-0.010163	-0.468442	-0.292528
atom3	-0.562997	-0.142233	-0.277468
atom4	-0.110143	-0.144661	-0.364055
atom5	0.145419	-0.118297	-0.291139
atom6	-0.358819	0.153278	-0.275725
atom7	0.008600	0.229845	-0.269883
atom8	0.374870	0.214277	-0.329885
atom9	-0.553187	-0.282389	-0.050651
atom10	-0.222477	-0.347400	0.047781
atom11	0.244641	-0.353493	-0.040145
atom12	-0.402257	0.016462	0.001782
atom13	-0.064758	0.033441	-0.016050
atom14	0.404281	0.024069	-0.069824
atom15	-0.195058	0.369702	-0.030166
atom16	0.134329	0.314032	0.008930
atom17	0.582759	0.278130	-0.038032
atom18	-0.397913	-0.291766	0.344155
atom19	0.015084	-0.136709	0.320311
atom20	0.419029	-0.228765	0.357442
atom21	-0.199343	0.091516	0.294740
atom22	0.133123	0.105018	0.303375
atom23	0.583664	0.174124	0.290957
atom24	-0.013331	0.476907	0.311595
atom25	0.445797	0.486159	0.283189
atom26	0.705873	0.448345	0.294882

27
comment
atom0	-0.753864	-0.411347	-0.301755
atom1	-0.375947	-0.468338	-0.398435
atom2	-0.010330	-0.468928	-0.292237
atom3	-0.562882	-0.142766	-0.276930
atom4	-0.108834	-0.145234	-0.364937
atom5	0.144688	-0.118438	-0.290826
atom6	-0.358472	0.152194	-0.275159
atom7	0.008741	0.230017	-0.269221
atom8	0.374786	0.214193	-0.330206
atom9	-0.552912	-0.281623	-0.051481
atom10	-0.223009	-0.347700	0.048564
atom11	0.245537	-0.353893	-0.040804
atom12	-0.402622	0.016732	0.001812
atom13	-0.065819	0.033989	-0.016313
atom14	0.404679	0.024464	-0.070968
atom15	-0.195141	0.370367	-0.030661
atom16	0.133416	0.313785	0.009076
atom17	0.582968	0.277295	-0.038656
atom18	-0.398206	-0.292953	0.344710
atom19	0.015331	-0.135353	0.320476
atom20	0.419669	-0.228918	0.358216
atom21	-0.199496	0.091218	0.294485
atom22	0.132191	0.104941	0.303262
atom23	0.583888	0.175181	0.290641
atom24	-0.013550	0.477532	0.311617
atom25	0.446876	0.486936	0.282745
atom26	0.704986	0.448502	0.294630

27
comment
atom0	-0.753765	-0.410905	-0.301617
atom1	-0.375882	-0.468815	-0.399857
atom2	-0.010497	-0.469414	-0.291947
atom3	-0.562767	-0.143299	-0.276393
atom4	-0.107525	-0.145808	-0.365818
atom5	0.143957	-0.118579	-0.290512
atom6	-0.358125	0.151110	-0.274592
atom7	0.008882	0.230188	-0.268559
atom8	0.374702	0.214110	-0.330528
atom9	-0.552636	-0.280858	-0.052311
atom10	-0.223542	-0.348001	0.049347
atom11	0.246433	-0.354293	-0.041462
atom12	-0.402987	0.017002	0.001841
atom13	-0.066881	0.034538	-0.016576
atom14	0.405077	0.024858	-0.072113
atom15	-0.195224	0.371033	-0.031155
atom16	0.132504	0.313538	0.009222
atom17	0.583177	0.276459	-0.039279
atom18	-0.398500	-0.294139	0.345266
atom19	0.015578	-0.133998	0.320641
atom20	0.420309	-0.229072	0.358989
atom21	-0.199649	0.090920	0.294230
atom22	0.131258	0.104864	0.303149
atom23	0.584112	0.176237	0.290324
atom24	-0.013769	0.478157	0.311638
atom25	0.447954	0.487713	0.282301
atom26	0.704098	0.448658	0.294378

27
comment
atom0	-0.753666	-0.410462	-0.301480
atom1	-0.375816	-0.469292	-0.401279
atom2	-0.010663	-0.469900	-0.291656
atom3	-0.562653	-0.143833	-0.275855
atom4	-0.106216	-0.146381	-0.366700
atom5	0.143226	-0.118720	-0.290198
atom6	-0.357778	0.150026	-0.274026
atom7	0.009023	0.230359	-0.267897
atom8	0.374618	0.214026	-0.330849
atom9	-0.552360	-0.280092	-0.053142
atom10	-0.224074	-0.348301	0.050131
atom11	0.247329	-0.354693	-0.042120
atom12	-0.403352	0.017272	0.001870
atom13	-0.067943	0.035086	-0.016839
atom14	0.405475	0.025253	-0.073258
atom15	-0.195307	0.371699	-0.031650
atom16	0.131591	0.313291	0.009369
atom17	0.583386	0.275624	-0.039903
atom18	-0.398794	-0.295326	0.345821
atom19	0.015826	-0.132643	0.320805
atom20	0.420949	-0.229225	0.359763
atom21	-0.199802	0.090622	0.293976
atom22	0.130326	0.104788	0.303036
atom23	0.584336	0.177293	0.290008
atom24	-0.013987	0.478782	0.311660
atom25	0.449033	0.488489	0.281857
atom26	0.703211	0.448815	0.294125

27
comment
atom0	-0.753568	-0.410020	-0.301343
atom1	-0.375751	-0.469768	-0.402701
atom2	-0.010830	-0.470387	-0.291365
atom3	-0.562538	-0.144366	-0.275317
atom4	-0.104907	-0.146954	-0.367582
atom5	0.142495	-0.118861	-0.289885
atom6	-0.357430	0.148942	-0.273460
atom7	0.009164	0.230531	-0.267235
atom8	0.374534	0.213942	-0.331171
atom9	-0.552085	-0.279327	-0.053972
atom10	-0.224606	-0.348601	0.050914
atom11	0.248224	-0.355093	-0.042778
atom12	-0.403717	0.017542	0.001899
atom13	-0.069004	0.035634	-0.017103
atom14	0.405874	0.025647	-0.074402
atom15	-0.195390	0.372365	-0.032144
atom16	0.130678	0.313045	0.009515
atom17	0.583596	0.274789	-0.040526
atom18	-0.399087	-0.296512	0.346377
atom19	0.016073	-0.131287	0.320970
atom20	0.421589	-0.229379	0.360536
atom21	-0.199956	0.090324	0.293721
atom22	0.129394	0.104711	0.302923
atom23	0.584560	0.178349	0.289691
atom24	-0.014206	0.479406	0.311682
atom25	0.450112	0.489266	0.281413
atom26	0.702324	0.448972	0.293873

27
comment
atom0	-0.753469	-0.409577	-0.301205
atom1	-0.375686	-0.470245	-0.404124
atom2	-0.010997	-0.470873	-0.291074
atom3	-0.562423	-0.144900	-0.274780
atom4	-0.103598	-0.147527	-0.368464
atom5	0.141765	-0.119002	-0.289571
atom6	-0.357083	0.147858	-0.272893
atom7	0.009305	0.230702	-0.266573
atom8	0.374450	0.213858	-0.331492
atom9	-0.551809	-0.278561	-0.054802
atom10	-0.225139	-0.348901	0.051697
atom11	0.249120	-0.355493	-0.043436
atom12	-0.404082	0.017811	0.001928
atom13	-0.070066	0.036182	-0.017366
atom14	0.406272	0.026042	-0.075547
atom15	-0.195473	0.373031	-0.032639
atom16	0.129766	0.312798	0.009661
atom17	0.583805	0.273953	-0.041150
atom18	-0.399381	-0.297699	0.346932
atom19	0.016320	-0.129932	0.321135
atom20	0.422229	-0.229533	0.361309
atom21	-0.200109	0.090026	0.293467
atom22	0.128461	0.104634	0.302809
atom23	0.584784	0.179405	0.289374
atom24	-0.014424	0.480031	0.311704
atom25	0.451190	0.490043	0.280969
atom26	0.701436	0.449128	0.293621

27
comment
atom0	-0.753370	-0.409134	-0.301068
atom1	-0.375620	-0.470722	-0.405546
atom2	-0.011163	-0.471359	-0.290783
atom3	-0.562308	-0.145433	-0.274242
atom4	-0.102289	-0.148100	-0.369345
atom5	0.141034	-0.119143	-0.289258
atom6	-0.356736	0.146774	-0.272327
atom7	0.009446	0.230874	-0.265911
atom8	0.374366	0.213774	-0.331814
atom9	-0.551533	-0.277795	-0.055633
atom10	-0.225671	-0.349201	0.052481
atom11	0.250016	-0.355894	-0.044094
atom12	-0.404447	0.018081	0.001958
atom13	-0.071127	0.036730	-0.017629
atom14	0.406670	0.026437	-0.076691
atom15	-0.195555	0.373696	-0.033133
atom16	0.128853	0.312551	0.009808
atom17	0.584014	0.273118	-0.041773
atom18	-0.399675	-0.298885	0.347488
atom19	0.016567	-0.128576	0.321299
atom20	0.422868	-0.229686	0.362083
atom21	-0.200262	0.089728	0.293212
atom22	0.127529	0.104558	0.302696
atom23	0.585008	0.180462	0.289058
atom24	-0.014643	0.480656	0.311725
atom25	0.452269	0.490819	0.280525
atom26	0.700549	0.449285	0.293369

27
comment
atom0	-0.753271	-0.408692	-0.300931
atom1	-0.375555	-0.471198	-0.406968
atom2	-0.011330	-0.471845	-0.290493
atom3	-0.562193	-0.145966	-0.273704
atom4	-0.100980	-0.148674	-0.370227
atom5	0.140303	-0.119283	-0.288944
atom6	-0.356389	0.145691	-0.271761
atom7	0.009587	0.231045	-0.265248
atom8	0.374281	0.213690	-0.332136
atom9	-0.551258	-0.277030	-0.056463
atom10	-0.226204	-0.349502	0.053264
atom11	0.250912	-0.356294	-0.044752
atom12	-0.404811	0.018351	0.001987
atom13	-0.072189	0.037279	-0.017892
atom14	0.407068	0.026831	-0.077836
atom15	-0.195638	0.374362	-0.033628
atom16	0.127940	0.312304	0.009954
atom17	0.584223	0.272282	-0.042396
atom18	-0.399968	-0.300072	0.348043
atom19	0.016815	-0.127221	0.321464
atom20	0.423508	-0.229840	0.362856
atom21	-0.200415	0.089430	0.292958
atom22	0.126596	0.104481	0.302583
atom23	0.585232	0.181518	0.288741
atom24	-0.014861	0.481281	0.311747
atom25	0.453348	0.491596	0.280081
atom26	0.699662	0.449442	0.293116

27
comment
atom0	-0.753172	-0.408249	-0.300793
atom1	-0.375489	-0.471675	-0.408390
atom2	-0.011496	-0.472331	-0.290202
atom3	-0.562079	-0.146500	-0.273166
atom4	-0.099670	-0.149247	-0.371109
atom5	0.139572	-0.119424	-0.288630
atom6	-0.356042	0.144607	-0.271195
atom7	0.009728	0.231216	-0.264586
atom8	0.374197	0.213606	-0.332457
atom9	-0.550982	-0.276264	-0.057293
atom10	-0.226736	-0.349802	0.054047
atom11	0.251807	-0.356694	-0.045410
atom12	-0.405176	0.018621	0.002016
atom13	-0.073251	0.037827	-0.018155
atom14	0.407466	0.027226	-0.078981
atom15	-0.195721	0.375028	-0.034122
atom16	0.127028	0.312057	0.010101
atom17	0.584432	0.271447	-0.043020
atom18	-0.400262	-0.301258	0.348599
atom19	0.017062	-0.125865	0.321629
atom20	0.424148	-0.229994	0.363629
atom21	-0.200568	0.089132	0.292703
atom22	0.125664	0.104404	0.302470
atom23	0.585456	0.182574	0.288425
atom24	-0.015080	0.481906	0.311769
atom25	0.454426	0.492372	0.279637
atom26	0.698774	0.449599	0.292864

27
comment
atom0	-0.753073	-0.407807	-0.300656
atom1	-0.375424	-0.472152	-0.409812
atom2	-0.011663	-0.472817	-0.289911
atom3	-0.561964	-0.147033	-0.272629
atom4	-0.098361	-0.149820	-0.371991
atom5	0.138841	-0.119565	-0.288317
atom6	-0.355694	0.143523	-0.270628
atom7	0.009869	0.231388	-0.263924
atom8	0.374113	0.213522	-0.332779
atom9	-0.550707	-0.275499	-0.058124
atom10	-0.227268	-0.350102	0.054830
atom11	0.252703	-0.357094	-0.046069
atom12	-0.405541	0.018891	0.002045
atom13	-0.074312	0.038375	-0.018418
atom14	0.407864	0.027620	-0.080125
atom15	-0.195804	0.375694	-0.034617
atom16	0.126115	0.311810	0.010247
atom17	0.584641	0.270612	-0.043643
atom18	-0.400555	-0.302444	0.349154
atom19	0.017309	-0.124510	0.321793
atom20	0.424788	-0.230147	0.364403
atom21	-0.200721	0.088834	0.292448
atom22	0.124732	0.104327	0.302357
atom23	0.585680	0.183630	0.288108
atom24	-0.015298	0.482531	0.311791
atom25	0.455505	0.493149	0.279193
atom26	0.697887	0.449755	0.292612

27
comment
atom0	-0.752974	-0.407364	-0.300519
atom1	-0.375359	-0.472628	-0.411234
atom2	-0.011830	-0.473304	-0.289620
atom3	-0.561849	-0.147566	-0.272091
atom4	-0.097052	-0.150393	-0.372872
atom5	0.138110	-0.119706	-0.288003
atom6	-0.355347	0.142439	-0.270062
atom7	0.010010	0.231559	-0.263262
atom8	0.374029	0.213439	-0.333100
atom9	-0.550431	-0.274733	-0.058954
atom10	-0.227801	-0.350402	0.055614
atom11	0.253599	-0.357494	-0.046727
atom12	-0.405906	0.019161	0.002074
atom13	-0.075374	0.038923	-0.018681
atom14	0.408262	0.028015	-0.081270
atom15	-0.195887	0.376359	-0.035111
atom16	0.125202	0.311564	0.010393
atom17	0.584851	0.269776	-0.044267
atom18	-0.400849	-0.303631	0.349710
atom19	0.017556	-0.123154	0.321958
atom20	0.425428	-0.230301	0.365176
atom21	-0.200875	0.088536	0.292194
atom22	0.123799	0.104251	0.302244
atom23	0.585904	0.184686	0.287792
atom24	-0.015517	0.483156	0.311812
atom25	0.456584	0.493926	0.278749
atom26	0.697000	0.449912	0.292360

27
comment
atom0	-0.752875	-0.406922	-0.300382
atom1	-0.375293	-0.473105	-0.412656
atom2	-0.011996	-0.473790	-0.289329
atom3	-0.561734	-0.148100	-0.271553
atom4	-0.095743	-0.150966	-0.373754
atom5	0.137380	-0.119847	-0.287690
atom6	-0.355000	0.141355	-0.269496
atom7	0.010151	0.231730	-0.262600
atom8	0.373945	0.213355	-0.333422
atom9	-0.550155	-0.273967	-0.059784
atom10	-0.228333	-0.350702	0.056397
atom11	0.254495	-0.357894	-0.047385
atom12	-0.406271	0.019431	0.002104
atom13	-0.076435	0.039471	-0.018944
atom14	0.408660	0.028410	-0.082415
atom15	-0.195970	0.377025	-0.035606
atom16	0.124290	0.311317	0.010540
atom17	0.585060	0.268941	-0.044890
atom18	-0.401143	-0.304817	0.350265
atom19	0.017804	-0.121799	0.322122
atom20	0.426068	-0.230455	0.365949
atom21	-0.201028	0.088238	0.291939
atom22	0.122867	0.104174	0.302131
atom23	0.586128	0.185743	0.287475
atom24	-0.015736	0.483781	0.311834
atom25	0.457662	0.494702	0.278305
atom26	0.696112	0.450069	0.292107

27
comment
atom0	-0.752776	-0.406479	-0.300244
atom1	-0.375228	-0.473581	-0.414078
atom2	-0.012163	-0.474276	-0.289038
atom3	-0.561619	-0.148633	-0.271016
atom4	-0.094434	-0.151540	-0.374636
atom5	0.136649	-0.119988	-0.287376
atom6	-0.354653	0.140271	-0.268929
atom7	0.010292	0.231902	-0.261938
atom8	0.373861	0.213271	-0.333743
atom9	-0.549880	-0.273202	-0.060615
atom10	-0.228866	-0.351002	0.057180
atom11	0.255390	-0.358294	-0.048043
atom12	-0.406636	0.019700	0.002133
atom13	-0.077497	0.040020	-0.019207
atom14	0.409058	0.028804	-0.083559
atom15	-0.196053	0.377691	-0.036100
atom16	0.123377	0.311070	0.010686
atom17	0.585269	0.268105	-0.045514
atom18	-0.401436	-0.306004	0.350821
atom19	0.018051	-0.120443	0.322287
atom20	0.426707	-0.230608	0.366723
atom21	-0.201181	0.087940	0.291685
atom22	0.121934	0.104097	0.302018
atom23	0.586352	0.186799	0.287158
atom24	-0.015954	0.484406	0.311856
atom25	0.458741	0.495479	0.277861
atom26	0.695225	0.450225	0.291855

27
comment
atom0	-0.752677	-0.406037	-0.300107
atom1	-0.375163	-0.474058	-0.415500
atom2	-0.012329	-0.474762	-0.288748
atom3	-0.561505	-0.149167	-0.270478
atom4	-0.093125	-0.152113	-0.375518
atom5	0.135918	-0.120129	-0.287062
atom6	-0.354305	0.139187	-0.268363
atom7	0.010433	0.232073	-0.261276
atom8	0.373777	0.213187	-0.334065
atom9	-0.549604	-0.272436	-0.061445
atom10	-0.229398	-0.351303	0.057964
atom11	0.256286	-0.358694	-0.048701
atom12	-0.407001	0.019970	0.002162
atom13	-0.078559	0.040568	-0.019471
atom14	0.409456	0.029199	-0.084704
atom15	-0.196136	0.378357	-0.036595
atom16	0.122465	0.310823	0.010833
atom17	0.585478	0.267270	-0.046137
atom18	-0.401730	-0.307190	0.351376
atom19	0.018298	-0.119088	0.322452
atom20	0.427347	-0.230762	0.367496
atom21	-0.201334	0.087642	0.291430
atom22	0.121002	0.104021	0.301905
atom23	0.586576	0.187855	0.286842
atom24	-0.016173	0.485031	0.311878
atom25	0.459819	0.496255	0.277418
atom26	0.694338	0.450382	0.291603

27
comment
atom0	-0.752578	-0.405594	-0.299970
atom1	-0.375097	-0.474535	-0.416922
atom2	-0.012496	-0.475248	-0.288457
atom3	-0.561390	-0.149700	-0.269940
atom4	-0.091816	-0.152686	-0.376399
atom5	0.135187	-0.120270	-0.286749
atom6	-0.353958	0.138104	-0.267797
atom7	0.010574	0.232244	-0.260614
atom8	0.373693	0.213103	-0.334387
atom9	-0.549329	-0.271671	-0.062275
atom10	-0.229930	-0.351603	0.058747
atom11	0.257182	-0.359094	-0.049359
atom12	-0.407366	0.020240	0.002191
atom13	-0.079620	0.041116	-0.019734
atom14	0.409854	0.029593	-0.085849
atom15	-0.196219	0.379023	-0.037089
atom16	0.121552	0.310576	0.010979
atom17	0.585687	0.266435	-0.046761
atom18	-0.402024	-0.308377	0.351932
atom19	0.018546	-0.117732	0.322616
atom20	0.427987	-0.230915	0.368269
atom21	-0.201487	0.087344	0.291175
atom22	0.120070	0.103944	0.301792
atom23	0.586800	0.188911	0.286525
atom24	-0.016391	0.485656	0.311899
atom25	0.460898	0.497032	0.276974
atom26	0.693450	0.450539	0.291351

27
comment
atom0	-0.752479	-0.405151	-0.299832
atom1	-0.375032	-0.475011	-0.418344
atom2	-0.012663	-0.475734	-0.288166
atom3	-0.561275	-0.150233	-0.269402
atom4	-0.090507	-0.153259	-0.377281
atom5	0.134456	-0.120411	-0.286435
atom6	-0.353611	0.137020	-0.267230
atom7	0.010715	0.232416	-0.259952
atom8	0.373609	0.213019	-0.334708
atom9	-0.549053	-0.270905	-0.063106
atom10	-0.230463	-0.351903	0.059530
atom11	0.258078	-0.359494	-0.050017
atom12	-0.407730	0.020510	0.002221
atom13	-0.080682	0.041664	-0.019997
atom14	0.410252	0.029988	-0.086993
atom15	-0.196302	0.379688	-0.037584
atom16	0.120639	0.310329	0.011125
atom17	0.585896	0.265599	-0.047384
atom18	-0.402317	-0.309563	0.352487
atom19	0.018793	-0.116377	0.322781
atom20	0.428627	-0.231069	0.369043
atom21	-0.201640	0.087046	0.290921
atom22	0.119137	0.103867	0.301679
atom23	0.587024	0.189967	0.286209
atom24	-0.016610	0.486281	0.311921
atom25	0.461977	0.497809	0.276530
atom26	0.692563	0.450695	0.291098

27
comment
atom0	-0.752380	-0.404709	-0.299695
atom1	-0.374966	-0.475488	-0.419766
atom2	-0.012829	-0.476220	-0.287875
atom3	-0.561160	-0.150767	-0.268865
atom4	-0.089197	-0.153832	-0.378163
atom5	0.133725	-0.120552	-0.286122
atom6	-0.353264	0.135936	-0.266664
atom7	0.010856	0.232587	-0.259290
atom8	0.373525	0.212935	-0.335030
atom9	-0.548777	-0.270140	-0.063936
atom10	-0.230995	-0.352203	0.060313
atom11	0.258973	-0.359894	-0.050675
atom12	-0.408095	0.020780	0.002250
atom13	-0.081743	0.042213	-0.020260
atom14	0.410650	0.030382	-0.088138
atom15	-0.196385	0.380354	-0.038078
atom16	0.119727	0.310082	0.011272
atom17	0.586106	0.264764	-0.048008
atom18	-0.402611	-0.310750	0.353043
atom19	0.019040	-0.115021	0.322946
atom20	0.429267	-0.231223	0.369816
atom21	-0.201794	0.086748	0.290666
atom22	0.118205	0.103791	0.301566
atom23	0.587248	0.191024	0.285892
atom24	-0.016828	0.486906	0.311943
atom25	0.463055	0.498585	0.276086
atom26	0.691676	0.450852	0.290846

27
comment
atom0	-0.752281	-0.404266	-0.299558
atom1	-0.374901	-0.475965	-0.421188
atom2	-0.012996	-0.476707	-0.287584
atom3	-0.561045	-0.151300	-0.268327
atom4	-0.087888	-0.154406	-0.379045
atom5	0.132995	-0.120693	-0.285808
atom6	-0.352917	0.134852	-0.266098
atom7	0.010997	0.232758	-0.258628
atom8	0.373440	0.212852	-0.335351
atom9	-0.548502	-0.269374	-0.064766
atom10	-0.231528	-0.352503	0.061097
atom11	0.259869	-0.360294	-0.051334
atom12	-0.408460	0.021050	0.002279
atom13	-0.082805	0.042761	-0.020523
atom14	0.411048	0.030777	-0.089283
atom15	-0.196468	0.381020	-0.038573
atom16	0.118814	0.309836	0.011418
atom17	0.586315	0.263928	-0.048631
atom18	-0.402905	-0.311936	0.353598
atom19	0.019287	-0.113666	0.323110
atom20	0.429906	-0.231376	0.370589
atom21	-0.201947	0.086450	0.290412
atom22	0.117272	0.103714	0.301453
atom23	0.587472	0.192080	0.285575
atom24	-0.017047	0.487531	0.311965
atom25	0.464134	0.499362	0.275642
atom26	0.690788	0.451009	0.290594

27
comment
atom0	-0.752182	-0.403824	-0.299420
atom1	-0.374836	-0.476441	-0.422610
atom2	-0.013163	-0.477193	-0.287293
atom3	-0.560931	-0.151834	-0.267789
atom4	-0.086579	-0.154979	-0.379926
atom5	0.132264	-0.120834	-0.285494
atom6	-0.352569	0.133768	-0.265532
atom7	0.011138	0.232930	-0.257966
atom8	0.373356	0.212768	-0.335673
atom9	-0.548226	-0.268608	-0.065597
atom10	-0.232060	-0.352803	0.061880
atom11	0.260765	-0.360694	-0.051992
atom12	-0.408825	0.021320	0.002308
atom13	-0.083867	0.043309	-0.020786
atom14	0.411446	0.031172	-0.090427
atom15	-0.196550	0.381686	-0.039067
atom16	0.117901	0.309589	0.011564
atom17	0.586524	0.263093	-0.049255
atom18	-0.403198	-0.313122	0.354154
atom19	0.019535	-0.112310	0.323275
atom20	0.430546	-0.231530	0.371363
atom21	-0.202100	0.086152	0.290157
atom22	0.116340	0.103637	0.301340
atom23	0.587696	0.193136	0.285259
atom24	-0.017265	0.488155	0.311986
atom25	0.465213	0.500138	0.275198
atom26	0.689901	0.451166	0.290342

27
comment
atom0	-0.752083	-0.403381	-0.299283
atom1	-0.374770	-0.476918	-0.424032
atom2	-0.013329	-0.477679	-0.287003
atom3	-0.560816	-0.152367	-0.267252
atom4	-0.085270	-0.155552	-0.380808
atom5	0.131533	-0.120975	-0.285181
atom6	-0.352222	0.132684	-0.264965
atom7	0.011279	0.233101	-0.257304
atom8	0.373272	0.212684	-0.335994
atom9	-0.547950	-0.267843	-0.066427
atom10	-0.232592	-0.353104	0.062663
atom11	0.261661	-0.361094	-0.052650
atom12	-0.409190	0.021590	0.002337
atom13	-0.084928	0.043857	-0.021049
atom14	0.411844	0.031566	-0.091572
atom15	-0.196633	0.382351	-0.039562
atom16	0.116989	0.309342	0.011711
atom17	0.586733	0.262258	-0.049878
atom18	-0.403492	-0.314309	0.354709
atom19	0.019782	-0.110955	0.323440
atom20	0.431186	-0.231684	0.372136
atom21	-0.202253	0.085854	0.289903
atom22	0.115407	0.103560	0.301227
atom23	0.587920	0.194192	0.284942
atom24	-0.017484	0.488780	0.312008
atom25	0.466291	0.500915	0.274754
atom26	0.689014	0.451322	0.290089

27
comment
atom0	-0.751984	-0.402939	-0.299146
atom1	-0.374705	-0.477395	-0.425454
atom2	-0.013496	-0.478165	-0.286712
atom3	-0.560701	-0.152900	-0.266714
atom4	-0.083961	-0.156125	-0.381690
atom5	0.130802	-0.121116	-0.284867
atom6	-0.351875	0.131600	-0.264399
atom7	0.011420	0.233272	-0.256642
atom8	0.373188	0.212600	-0.336316
atom9	-0.547675	-0.267077	-0.067257
atom10	-0.233125	-0.353404	0.063447
atom11	0.262556	-0.361494	-0.053308
atom12	-0.409555	0.021859	0.002367
atom13	-0.085990	0.044405	-0.021312
atom14	0.412242	0.031961	-0.092717
atom15	-0.196716	0.383017	-0.040057
atom16	0.116076	0.309095	0.011857
atom17	0.586942	0.261422	-0.050502
atom18	-0.403786	-0.315495	0.355265
atom19	0.020029	-0.109599	0.323604
atom20	0.431826	-0.231837	0.372909
atom21	-0.202406	0.085556	0.289648
atom22	0.114475	0.103484	0.301114
atom23	0.588144	0.195248	0.284626
atom24	-0.017702	0.489405	0.312030
atom25	0.467370	0.501692	0.274310
atom26	0.688126	0.451479	0.289837

27
comment
atom0	-0.751885	-0.402496	-0.299008
atom1	-0.374640	-0.477871	-0.426876
atom2	-0.013662	-0.478651	-0.286421
atom3	-0.560586	-0.153434	-0.266176
atom4	-0.082652	-0.156698	-0.382572
atom5	0.130071	-0.121257	-0.284554
atom6	-0.351528	0.130517	-0.263833
atom7	0.011561	0.233444	-0.255980
atom8	0.373104	0.212516	-0.336638
atom9	-0.547399	-0.266312	-0.068088
atom10	-0.233657	-0.353704	0.064230
atom11	0.263452	-0.361894	-0.053966
atom12	-0.409920	0.022129	0.002396
atom13	-0.087051	0.044954	-0.021576
atom14	0.412640	0.032355	-0.093861
atom15	-0.196799	0.383683	-0.040551
atom16	0.115163	0.308848	0.012004
atom17	0.587151	0.260587	-0.051125
atom18	-0.404079	-0.316682	0.355820
atom19	0.020277	-0.108244	0.323769
atom20	0.432466	-0.231991	0.373683
atom21	-0.202559	0.085257	0.289393
atom22	0.113543	0.103407	0.301001
atom23	0.588368	0.196304	0.284309
atom24	-0.017921	0.490030	0.312051
atom25	0.468449	0.502468	0.273866
atom26	0.687239	0.451636	0.289585

27
comment
atom0	-0.751786	-0.402053	-0.298871
atom1	-0.374574	-0.478348	-0.428298
atom2	-0.013829	-0.479137	-0.286130
atom3	-0.560471	-0.153967	-0.265638
atom4	-0.081343	-0.157272	-0.383453
atom5	0.129340	-0.121398	-0.284240
atom6	-0.351180	0.129433	-0.263266
atom7	0.011702	0.233615	-0.255318
atom8	0.373020	0.212432	-0.336959
atom9	-0.547124	-0.265546	-0.068918
atom10	-0.234190	-0.354004	0.065013
atom11	0.264348	-0.362294	-0.054624
atom12	-0.410285	0.022399	0.002425
atom13	-0.088113	0.045502	-0.021839
atom14	0.413039	0.032750	-0.095006
atom15	-0.196882	0.384349	-0.041046
atom16	0.114251	0.308601	0.012150
atom17	0.587361	0.259751	-0.051749
atom18	-0.404373	-0.317868	0.356376
atom19	0.020524	-0.106888	0.323933
atom20	0.433106	-0.232144	0.374456
atom21	-0.202712	0.084959	0.289139
atom22	0.112610	0.103330	0.300888
atom23	0.588592	0.197361	0.283993
atom24	-0.018140	0.490655	0.312073
atom25	0.469527	0.503245	0.273422
atom26	0.686352	0.451792	0.289333

27
comment
atom0	-0.751687	-0.401611	-0.298734
atom1	-0.374509	-0.478825	-0.429720
atom2	-0.013996	-0.479624	-0.285839
atom3	-0.560357	-0.154500	-0.265101
atom4	-0.080034	-0.157845	-0.384335
atom5	0.128610	-0.121539	-0.283926
atom6	-0.350833	0.128349	-0.262700
atom7	0.011843	0.233786	-0.254655
atom8	0.372936	0.212348	-0.337281
atom9	-0.546848	-0.264780	-0.069748
atom10	-0.234722	-0.354304	0.065797
atom11	0.265244	-0.362694	-0.055282
atom12	-0.410649	0.022669	0.002454
atom13	-0.089175	0.046050	-0.022102
atom14	0.413437	0.033144	-0.096151
atom15	-0.196965	0.385014	-0.041540
atom16	0.113338	0.308355	0.012296
atom17	0.587570	0.258916	-0.052372
atom18	-0.404667	-0.319055	0.356931
atom19	0.020771	-0.105533	0.324098
atom20	0.433745	-0.232298	0.375229
atom21	-0.202866	0.084661	0.288884
atom22	0.111678	0.103254	0.300775
atom23	0.588816	0.198417	0.283676
atom24	-0.018358	0.491280	0.312095
atom25	0.470606	0.504022	0.272978
atom26	0.685464	0.451949	0.289080

27
comment
atom0	-0.751588	-0.401168	-0.298596
atom1	-0.374443	-0.479301	-0.431142
atom2	-0.014162	-0.480110	-0.285549
atom3	-0.560242	-0.155034	-0.264563
atom4	-0.078724	-0.158418	-0.385217
atom5	0.127879	-0.121680	-0.283613
atom6	-0.350486	0.127265	-0.262134
atom7	0.011984	0.233958	-0.253993
atom8	0.372852	0.212265	-0.337602
atom9	-0.546572	-0.264015	-0.070579
atom10	-0.235254	-0.354604	0.066580
atom11	0.266139	-0.363095	-0.055940
atom12	-0.411014	0.022939	0.002484
atom13	-0.090236	0.046598	-0.022365
atom14	0.413835	0.033539	-0.097295
atom15	-0.197048	0.385680	-0.042035
atom16	0.112425	0.308108	0.012443
atom17	0.587779	0.258080	-0.052996
atom18	-0.404960	-0.320241	0.357487
atom19	0.021018	-0.104177	0.324263
atom20	0.434385	-0.232452	0.376003
atom21	-0.203019	0.084363	0.288630
atom22	0.110745	0.103177	0.300662
atom23	0.589040	0.199473	0.283359
atom24	-0.018577	0.491905	0.312117
atom25	0.471684	0.504798	0.272534
atom26	0.684577	0.452106	0.288828

27
comment
atom0	-0.751489	-0.400726	-0.298459
atom1	-0.374378	-0.479778	-0.432564
atom2	-0.014329	-0.480596	-0.285258
atom3	-0.560127	-0.155567	-0.264025
atom4	-0.077415	-0.158991	-0.386099
atom5	0.127148	-0.121821	-0.283299
atom6	-0.350139	0.126181	-0.261568
atom7	0.012125	0.234129	-0.253331
atom8	0.372768	0.212181	-0.337924
atom9	-0.546297	-0.263249	-0.071409
atom10	-0.235787	-0.354905	0.067363
atom11	0.267035	-0.363495	-0.056598
atom12	-0.411379	0.023209	0.002513
atom13	-0.091298	0.047146	-0.022628
atom14	0.414233	0.033934	-0.098440
atom15	-0.197131	0.386346	-0.042529
atom16	0.111513	0.307861	0.012589
atom17	0.587988	0.257245	-0.053619
atom18	-0.405254	-0.321428	0.358042
atom19	0.021266	-0.102822	0.324427
atom20	0.435025	-0.232605	0.376776
atom21	-0.203172	0.084065	0.288375
atom22	0.109813	0.103100	0.300549
atom23	0.589264	0.200529	0.283043
atom24	-0.018795	0.492530	0.312138
atom25	0.472763	0.505575	0.272090
atom26	0.683690	0.452262	0.288576

27
comment
atom0	-0.751390	-0.400283	-0.298322
atom1	-0.374313	-0.480255	-0.433986
atom2	-0.014495	-0.481082	-0.284967
atom3	-0.560012	-0.156101	-0.263488
atom4	-0.076106	-0.159564	-0.386980
atom5	0.126417	-0.121962	-0.282986
atom6	-0.349791	0.125097	-0.261001
atom7	0.012266	0.234300	-0.252669
atom8	0.372684	0.212097	-0.338245
atom9	-0.546021	-0.262484	-0.072239
atom10	-0.236319	-0.355205	0.068146
atom11	0.267931	-0.363895	-0.057257
atom12	-0.411744	0.023479	0.002542
atom13	-0.092359	0.047695	-0.022891
atom14	0.414631	0.034328	-0.099584
atom15	-0.197214	0.387012	-0.043024
atom16	0.110600	0.307614	0.012736
atom17	0.588197	0.256410	-0.054243
atom18	-0.405547	-0.322614	0.358598
atom19	0.021513	-0.101467	0.324592
atom20	0.435665	-0.232759	0.377549
atom21	-0.203325	0.083767	0.288121
atom22	0.108881	0.103024	0.300436
atom23	0.589488	0.201585	0.282726
atom24	-0.019014	0.493155	0.312160
atom25	0.473842	0.506351	0.271646
atom26	0.682802	0.452419	0.288324

27
comment
atom0	-0.751291	-0.399841	-0.298184
atom1	-0.374247	-0.480731	-0.435408
atom2	-0.014662	-0.481568	-0.284676
atom3	-0.559897	-0.156634	-0.262950
atom4	-0.074797	-0.160137	-0.387862
atom5	0.125686	-0.122103	-0.282672
atom6	-0.349444	0.124013	-0.260435
atom7	0.012407	0.234472	-0.252007
atom8	0.372599	0.212013	-0.338567
atom9	-0.545745	-0.261718	-0.073070
atom10	-0.236852	-0.355505	0.068930
atom11	0.268827	-0.364295	-0.057915
atom12	-0.412109	0.023749	0.002571
atom13	-0.093421	0.048243	-0.023154
atom14	0.415029	0.034723	-0.100729
atom15	-0.197297	0.387678	-0.043518
atom16	0.109688	0.307367	0.012882
atom17	0.588406	0.255574	-0.054866
atom18	-0.405841	-0.323801	0.359153
atom19	0.021760	-0.100111	0.324757
atom20	0.436305	-0.232913	0.378323
atom21	-0.203478	0.083469	0.287866
atom22	0.107948	0.102947	0.300323
atom23	0.589712	0.202642	0.282410
atom24	-0.019232	0.493780	0.312182
atom25	0.474920	0.507128	0.271202
atom26	0.681915	0.452576	0.288072

27
comment
atom0	-0.751192	-0.399398	-0.298047
atom1	-0.374182	-0.481208	-0.436830
atom2	-0.014829	-0.482054	-0.284385
atom3	-0.559783	-0.157167	-0.262412
atom4	-0.073488	-0.160711	-0.388744
atom5	0.124955	-0.122244	-0.282358
atom6	-0.349097	0.122930	-0.259869
atom7	0.012548	0.234643	-0.251345
atom8	0.372515	0.211929	-0.338889
atom9	-0.545470	-0.260953	-0.073900
atom10	-0.237384	-0.355805	0.069713
atom11	0.269723	-0.364695	-0.058573
atom12	-0.412474	0.024018	0.002600
atom13	-0.094483	0.048791	-0.023417
atom14	0.415427	0.035117	-0.101874
atom15	-0.197380	0.388343	-0.044013
atom16	0.108775	0.307120	0.013028
atom17	0.588616	0.254739	-0.055490
atom18	-0.406135	-0.324987	0.359709
atom19	0.022007	-0.098756	0.324921
atom20	0.436945	-0.233066	0.379096
atom21	-0.203631	0.083171	0.287611
atom22	0.107016	0.102870	0.300210
atom23	0.589936	0.203698	0.282093
atom24	-0.019451	0.494405	0.312204
atom25	0.475999	0.507905	0.270759
atom26	0.681028	0.452733	0.287819

27
comment
atom0	-0.751093	-0.398956	-0.297910
atom1	-0.374117	-0.481684	-0.438253
atom2	-0.014995	-0.482541	-0.284094
atom3	-0.559668	-0.157701	-0.261875
atom4	-0.072179	-0.161284	-0.389626
atom5	0.124225	-0.122385	-0.282045
atom6	-0.348750	0.121846	-0.259302
atom7	0.012689	0.234815	-0.250683
atom8	0.372431	0.211845	-0.339210
atom9	-0.545194	-0.260187	-0.074730
atom10	-0.237916	-0.356105	0.070496
atom11	0.270618	-0.365095	-0.059231
atom12	-0.412839	0.024288	0.002630
atom13	-0.095544	0.049339	-0.023680
atom14	0.415825	0.035512	-0.103018
atom15	-0.197463	0.389009	-0.044507
atom16	0.107862	0.306873	0.013175
atom17	0.588825	0.253903	-0.056113
atom18	-0.406428	-0.326173	0.360264
atom19	0.022255	-0.097400	0.325086
atom20	0.437584	-0.233220	0.379869
atom21	-0.203785	0.082873	0.287357
atom22	0.106083	0.102793	0.300097
atom23	0.590160	0.204754	0.281777
atom24	-0.019669	0.495030	0.312225
atom25	0.477078	0.508681	0.270315
atom26	0.680140	0.452889	0.287567

27
comment
atom0	-0.750995	-0.398513	-0.297772
atom1	-0.374051	-0.482161	-0.439675
atom2	-0.015162	-0.483027	-0.283804
atom3	-0.559553	-0.158234	-0.261337
atom4	-0.070870	-0.161857	-0.390507
atom5	0.123494	-0.122526	-0.281731
atom6	-0.348403	0.120762	-0.258736
atom7	0.012830	0.234986	-0.250021
atom8	0.372347	0.211761	-0.339532
atom9	-0.544919	-0.259421	-0.075561
atom10	-0.238449	-0.356406	0.071280
atom11	0.271514	-0.365495	-0.059889
atom12	-0.413204	0.024558	0.002659
atom13	-0.096606	0.049888	-0.023944
atom14	0.416223	0.035906	-0.104163
atom15	-0.197545	0.389675	-0.045002
atom16	0.106950	0.306627	0.013321
atom17	0.589034	0.253068	-0.056736
atom18	-0.406722	-0.327360	0.360820
atom19	0.022502	-0.096045	0.325251
atom20	0.438224	-0.233374	0.380643
atom21	-0.203938	0.082575	0.287102
atom22	0.105151	0.102717	0.299984
atom23	0.590384	0.205810	0.281460
atom24	-0.019888	0.495655	0.312247
atom25	0.478156	0.509458	0.269871
atom26	0.679253	0.453046	0.287315

27
comment
atom0	-0.750896	-0.398070	-0.297635
atom1	-0.373986	-0.482638	-0.441097
atom2	-0.015329	-0.483513	-0.283513
atom3	-0.559438	-0.158767	-0.260799
atom4	-0.069561	-0.162430	-0.391389
atom5	0.122763	-0.122667	-0.281418
atom6	-0.348055	0.119678	-0.258170
atom7	0.012971	0.235157	-0.249359
atom8	0.372263	0.211677	-0.339853
atom9	-0.544643	-0.258656	-0.076391
atom10	-0.238981	-0.356706	0.072063
atom11	0.272410	-0.365895	-0.060547
atom12	-0.413568	0.024828	0.002688
atom13	-0.097667	0.050436	-0.024207
atom14	0.416621	0.036301	-0.105308
atom15	-0.197628	0.390341	-0.045496
atom16	0.106037	0.306380	0.013468
atom17	0.589243	0.252233	-0.057360
atom18	-0.407016	-0.328546	0.361375
atom19	0.022749	-0.094689	0.325415
atom20	0.438864	-0.233527	0.381416
atom21	-0.204091	0.082277	0.286848
atom22	0.104219	0.102640	0.299871
atom23	0.590608	0.206866	0.281143
atom24	-0.020107	0.496280	0.312269
atom25	0.479235	0.510234	0.269427
atom26	0.678366	0.453203	0.287063

27
comment
atom0	-0.750797	-0.397628	-0.297498
atom1	-0.373921	-0.483114	-0.442519
atom2	-0.015495	-0.483999	-0.283222
atom3	-0.559323	-0.159301	-0.260261
atom4	-0.068252	-0.163003	-0.392271
atom5	0.122032	-0.122808	-0.281104
atom6	-0.347708	0.118594	-0.257604
atom7	0.013112	0.235329	-0.248697
atom8	0.372179	0.211594	-0.340175
atom9	-0.544367	-0.257890	-0.077221
atom10	-0.239514	-0.357006	0.072846
atom11	0.273306	-0.366295	-0.061205
atom12	-0.413933	0.025098	0.002717
atom13	-0.098729	0.050984	-0.024470
atom14	0.417019	0.036696	-0.106452
atom15	-0.197711	0.391006	-0.045991
atom16	0.105124	0.306133	0.013614
atom17	0.589452	0.251397	-0.057983
atom18	-0.407309	-0.329733	0.361931
atom19	0.022997	-0.093334	0.325580
atom20	0.439504	-0.233681	0.382189
atom21	-0.204244	0.081979	0.286593
atom22	0.103286	0.102563	0.299758
atom23	0.590832	0.207923	0.280827
atom24	-0.020325	0.496904	0.312291
atom25	0.480314	0.511011	0.268983
atom26	0.677478	0.453359	0.286810

27
comment
atom0	-0.750698	-0.397185	-0.297360
atom1	-0.373855	-0.483591	-0.443941
atom2	-0.015662	-0.484485	-0.282931
atom3	-0.559209	-0.159834	-0.259724
atom4	-0.066942	-0.163577	-0.393153
atom5	0.121301	-0.122949	-0.280790
atom6	-0.347361	0.117510	-0.257037
atom7	0.013253	0.235500	-0.248035
atom8	0.372095	0.211510	-0.340496
atom9	-0.544092	-0.257125	-0.078052
atom10	-0.240046	-0.357306	0.073629
atom11	0.274201	-0.366695	-0.061863
atom12	-0.414298	0.025368	0.002746
atom13	-0.099791	0.051532	-0.024733
atom14	0.417417	0.037090	-0.107597
atom15	-0.197794	0.391672	-0.046485
atom16	0.104212	0.305886	0.013760
atom17	0.589661	0.250562	-0.058607
atom18	-0.407603	-0.330919	0.362487
atom19	0.023244	-0.091978	0.325744
atom20	0.440144	-0.233834	0.382963
atom21	-0.204397	0.081681	0.286339
atom22	0.102354	0.102487	0.299645
atom23	0.591056	0.208979	0.280510
atom24	-0.020544	0.497529	0.312312
atom25	0.481392	0.511788	0.268539
atom26	0.676591	0.453516	0.286558

27
comment
atom0	-0.750599	-0.396743	-0.297223
atom1	-0.373790	-0.484068	-0.445363
atom2	-0.015828	-0.484971	-0.282640
atom3	-0.559094	-0.160368	-0.259186
atom4	-0.065633	-0.164150	-0.394034
atom5	0.120570	-0.123090	-0.280477
atom6	-0.347014	0.116426	-0.256471
atom7	0.013394	0.235671	-0.247373
atom8	0.372011	0.211426	-0.340818
atom9	-0.543816	-0.256359	-0.078882
atom10	-0.240578	-0.357606	0.074413
atom11	0.275097	-0.367095	-0.062522
atom12	-0.414663	0.025638	0.002776
atom13	-0.100852	0.052080	-0.024996
atom14	0.417815	0.037485	-0.108742
atom15	-0.197877	0.392338	-0.046980
atom16	0.103299	0.305639	0.013907
atom17	0.589871	0.249726	-0.059230
atom18	-0.407897	-0.332106	0.363042
atom19	0.023491	-0.090623	0.325909
atom20	0.440784	-0.233988	0.383736
atom21	-0.204550	0.081383	0.286084
atom22	0.101421	0.102410	0.299532
atom23	0.591280	0.210035	0.280194
atom24	-0.020762	0.498154	0.312334
atom25	0.482471	0.512564	0.268095
atom26	0.675704	0.453673	0.286306

27
comment
atom0	-0.750500	-0.396300	-0.297086
atom1	-0.373724	-0.484544	-0.446785
atom2	-0.015995	-0.485458	-0.282349
atom3	-0.558979	-0.160901	-0.258648
atom4	-0.064324	-0.164723	-0.394916
atom5	0.119839	-0.123231	-0.280163
atom6	-0.346666	0.115343	-0.255905
atom7	0.013535	0.235843	-0.246711
atom8	0.371927	0.211342	-0.341140
atom9	-0.543541	-0.255593	-0.079712
atom10	-0.241111	-0.357906	0.075196
atom11	0.275993	-0.367495	-0.063180
atom12	-0.415028	0.025907	0.002805
atom13	-0.101914	0.052629	-0.025259
atom14	0.418213	0.037879	-0.109886
atom15	-0.197960	0.393004	-0.047474
atom16	0.102386	0.305392	0.014053
atom17	0.590080	0.248891	-0.059854
atom18	-0.408190	-0.333292	0.363598
atom19	0.023738	-0.089267	0.326074
atom20	0.441423	-0.234142	0.384509
atom21	-0.204704	0.081085	0.285829
atom22	0.100489	0.102333	0.299419
atom23	0.591504	0.211091	0.279877
atom24	-0.020981	0.498779	0.312356
atom25	0.483550	0.513341	0.267651
atom26	0.674816	0.453829	0.286054

27
comment
atom0	-0.750401	-0.395858	-0.296948
atom1	-0.373659	-0.485021	-0.448207
atom2	-0.016162	-0.485944	-0.282059
atom3	-0.558864	-0.161434	-0.258111
atom4	-0.063015	-0.165296	-0.395798
atom5	0.119109	-0.123372	-0.279850
atom6	-0.346319	0.114259	-0.255338
atom7	0.013676	0.236014	-0.246049
atom8	0.371843	0.211258	-0.341461
atom9	-0.543265	-0.254828	-0.080543
atom10	-0.241643	-0.358207	0.075979
atom11	0.276889	-0.367895	-0.063838
atom12	-0.415393	0.026177	0.002834
atom13	-0.102975	0.053177	-0.025522
atom14	0.418611	0.038274	-0.111031
atom15	-0.198043	0.393669	-0.047969
atom16	0.101474	0.305146	0.014199
atom17	0.590289	0.248056	-0.060477
atom18	-0.408484	-0.334479	0.364153
atom19	0.023986	-0.087912	0.326238
atom20	0.442063	-0.234295	0.385283
atom21	-0.204857	0.080787	0.285575
atom22	0.099557	0.102257	0.299306
atom23	0.591728	0.212147	0.279560
atom24	-0.021199	0.499404	0.312378
atom25	0.484628	0.514117	0.267207
atom26	0.673929	0.453986	0.285801

27
comment
atom0	-0.750302	-0.395415	-0.296811
atom1	-0.373594	-0.485498	-0.449629
atom2	-0.016328	-0.486430	-0.281768
atom3	-0.558749	-0.161968	-0.257573
atom4	-0.061706	-0.165869	-0.396679
atom5	0.118378	-0.123513	-0.279536
atom6	-0.345972	0.113175	-0.254772
atom7	0.013817	0.236185	-0.245387
atom8	0.371759	0.211174	-0.341783
atom9	-0.542989	-0.254062	-0.081373
atom10	-0.242176	-0.358507	0.076763
atom11	0.277784	-0.368295	-0.064496
atom12	-0.415758	0.026447	0.002863
atom13	-0.104037	0.053725	-0.025785
atom14	0.419009	0.038669	-0.112176
atom15	-0.198126	0.394335	-0.048463
atom16	0.100561	0.304899	0.014346
atom17	0.590498	0.247220	-0.061101
atom18	-0.408778	-0.335665	0.364709
atom19	0.024233	-0.086556	0.326403
atom20	0.442703	-0.234449	0.386056
atom21	-0.205010	0.080489	0.285320
atom22	0.098624	0.102180	0.299193
atom23	0.591952	0.213204	0.279244
atom24	-0.021418	0.500029	0.312399
atom25	0.485707	0.514894	0.266763
atom26	0.673042	0.454143	0.285549

27
comment
atom0	-0.750203	-0.394972	-0.296674
atom1	-0.373528	-0.485974	-0.451051
atom2	-0.016495	-0.486916	-0.281477
atom3	-0.558635	-0.162501	-0.257035
atom4	-0.060397	-0.166443	-0.397561
atom5	0.117647	-0.123654	-0.279222
atom6	-0.345625	0.112091	-0.254206
atom7	0.013958	0.236357	-0.244725
atom8	0.371674	0.211090	-0.342104
atom9	-0.542714	-0.253297	-0.082203
atom10	-0.242708	-0.358807	0.077546
atom11	0.278680	-0.368695	-0.065154
atom12	-0.416123	0.026717	0.002893
atom13	-0.105099	0.054273	-0.026049
atom14	0.419407	0.039063	-0.113320
atom15	-0.198209	0.395001	-0.048958
atom16	0.099648	0.304652	0.014492
atom17	0.590707	0.246385	-0.061724
atom18	-0.409071	-0.336851	0.365264
atom19	0.024480	-0.085201	0.326568
atom20	0.443343	-0.234603	0.386829
atom21	-0.205163	0.080191	0.285066
atom22	0.097692	0.102103	0.299080
atom23	0.592176	0.214260	0.278927
atom24	-0.021636	0.500654	0.312421
atom25	0.486785	0.515671	0.266319
atom26	0.672154	0.454300	0.285297

27
comment
atom0	-0.750104	-0.394530	-0.296537
atom1	-0.373463	-0.486451	-0.452473
atom2	-0.016661	-0.487402	-0.281186
atom3	-0.558520	-0.163035	-0.256497
atom4	-0.059088	-0.167016	-0.398443
atom5	0.116916	-0.123795	-0.278909
atom6	-0.345278	0.111007	-0.253639
atom7	0.014099	0.236528	-0.244062
atom8	0.371590	0.211007	-0.342426
atom9	-0.542438	-0.252531	-0.083034
atom10	-0.243241	-0.359107	0.078329
atom11	0.279576	-0.369095	-0.065812
atom12	-0.416487	0.026987	0.002922
atom13	-0.106160	0.054821	-0.026312
atom14	0.419805	0.039458	-0.114465
atom15	-0.198292	0.395667	-0.049453
atom16	0.098736	0.304405	0.014639
atom17	0.590916	0.245549	-0.062348
atom18	-0.409365	-0.338038	0.365820
atom19	0.024727	-0.083845	0.326732
atom20	0.443983	-0.234756	0.387603
atom21	-0.205316	0.079893	0.284811
atom22	0.096759	0.102026	0.298967
atom23	0.592400	0.215316	0.278611
atom24	-0.021855	0.501279	0.312443
atom25	0.487864	0.516447	0.265875
atom26	0.671267	0.454456	0.285045

