0 916.009422 -415.020950 3.082876 
1 908.480583 -207.412859 3.057537 
2 897.717305 -207.289523 3.021312 
3 883.866514 -207.123587 2.974697 
4 867.097508 -206.917178 2.918260 
5 847.603923 -206.672737 2.852653 
6 825.606246 -206.393048 2.778619 
7 801.354445 -206.081275 2.696998 
8 775.130288 -205.740995 2.608740 
9 747.248882 -205.376225 2.514903 
10 718.058992 -204.991436 2.416663 
11 687.941694 -204.591546 2.315302 
12 657.307016 -204.181888 2.212200 
13 626.588297 -203.768152 2.108814 
14 596.234144 -203.356288 2.006656 
15 566.698059 -202.952391 1.907251 
16 538.426026 -202.562535 1.812100 
17 511.842558 -202.192604 1.722632 
18 487.335966 -201.848095 1.640154 
19 465.243740 -201.533915 1.565801 
20 445.839072 -201.254195 1.500494 
21 429.319532 -201.012122 1.444896 
22 415.798807 -200.809799 1.399392 
23 405.302182 -200.648167 1.364065 
24 397.766135 -200.526965 1.338702 
25 393.042065 -200.444756 1.322803 
26 390.903818 -200.399002 1.315606 
27 391.058364 -200.386188 1.316126 
28 393.158804 -200.401985 1.323196 
29 396.818755 -200.441433 1.335513 
30 401.627212 -200.499138 1.351696 
31 407.163093 -200.569476 1.370328 
32 413.008848 -200.646781 1.390002 
33 418.762736 -200.725517 1.409367 
34 424.049543 -200.800439 1.427160 
35 428.529720 -200.866720 1.442238 
36 431.906988 -200.920068 1.453605 
37 433.934547 -200.956819 1.460428 
38 434.420010 -200.974007 1.462062 
39 433.229152 -200.969431 1.458054 
40 430.288456 -200.941686 1.448157 
41 425.586410 -200.890201 1.432332 
42 419.173351 -200.815239 1.410749 
43 411.159643 -200.717886 1.383778 
44 401.711966 -200.600016 1.351982 
45 391.047487 -200.464223 1.316090 
46 379.425882 -200.313734 1.276977 
47 367.139282 -200.152280 1.235626 
48 354.500500 -199.983955 1.193089 
49 341.830121 -199.813046 1.150446 
50 329.443220 -199.643851 1.108758 
51 317.636657 -199.480512 1.069022 
52 306.677857 -199.326843 1.032140 
53 296.795903 -199.186200 0.998881 
54 288.175489 -199.061376 0.969869 
55 280.953986 -198.954541 0.945565 
56 275.221475 -198.867224 0.926272 
57 271.023335 -198.800333 0.912143 
58 268.364681 -198.754199 0.903195 
59 267.215900 -198.728648 0.899328 
60 267.518503 -198.723076 0.900347 
61 269.190674 -198.736532 0.905975 
62 272.132049 -198.767780 0.915874 
63 276.227517 -198.815365 0.929658 
64 281.350014 -198.877652 0.946898 
65 287.362471 -198.952859 0.967133 
66 294.119204 -199.039081 0.989873 
67 301.467069 -199.134303 1.014602 
68 309.246748 -199.236419 1.040785 
69 317.294446 -199.343250 1.067870 
70 325.444238 -199.452572 1.095299 
71 333.531176 -199.562151 1.122516 
72 341.395152 -199.669793 1.148982 
73 348.885411 -199.773397 1.174191 
74 355.865507 -199.871021 1.197683 
75 362.218406 -199.960952 1.219064 
76 367.851404 -200.041769 1.238022 
77 372.700510 -200.112411 1.254342 
78 376.733956 -200.172230 1.267917 
79 379.954527 -200.221028 1.278756 
80 382.400493 -200.259082 1.286988 
81 384.144983 -200.287143 1.292859 
82 385.293742 -200.306421 1.296725 
83 385.981313 -200.318542 1.299039 
84 386.365782 -200.325484 1.300333 
85 386.622304 -200.329504 1.301197 
86 386.935715 -200.333035 1.302251 
87 387.492597 -200.338594 1.304126 
88 388.473201 -200.348660 1.307426 
89 390.043632 -200.365580 1.312711 
90 392.348714 -200.391455 1.320469 
91 395.505885 -200.428062 1.331095 
92 399.600428 -200.476771 1.344875 
93 404.682235 -200.538495 1.361978 
94 410.764227 -200.613660 1.382448 
95 417.822449 -200.702189 1.406202 
96 425.797724 -200.803519 1.433044 
97 434.598733 -200.916630 1.462664 
98 444.106252 -201.040098 1.494662 
99 454.178291 -201.172155 1.528560 
100 464.655824 -201.310765 1.563822 
101 475.368809 -201.453703 1.599877 
102 486.142237 -201.598636 1.636136 
103 496.801951 -201.743204 1.672012 
104 507.180041 -201.885095 1.706940 
105 517.119644 -202.022117 1.740392 
106 526.479045 -202.152252 1.771892 
107 535.134973 -202.273712 1.801024 
108 542.985072 -202.384975 1.827443 
109 549.949489 -202.484812 1.850883 
110 555.971612 -202.572304 1.871150 
111 561.017956 -202.646844 1.888134 
112 565.077249 -202.708134 1.901796 
113 568.158781 -202.756164 1.912167 
114 570.290100 -202.791185 1.919340 
115 571.514174 -202.813677 1.923460 
116 571.886153 -202.824307 1.924711 
117 571.469910 -202.823881 1.923311 
118 570.334529 -202.813300 1.919489 
119 568.550970 -202.793511 1.913487 
120 566.189085 -202.765468 1.905538 
121 563.315192 -202.730091 1.895865 
122 559.990357 -202.688239 1.884676 
123 556.269510 -202.640694 1.872153 
124 552.201442 -202.588153 1.858462 
125 547.829695 -202.531237 1.843748 
126 543.194257 -202.470505 1.828147 
127 538.333932 -202.406482 1.811790 
128 533.289168 -202.339699 1.794811 
129 528.105091 -202.270727 1.777364 
130 522.834417 -202.200220 1.759625 
131 517.539905 -202.128954 1.741806 
132 512.296003 -202.057849 1.724158 
133 507.189333 -201.987992 1.706971 
134 502.317737 -201.920627 1.690575 
135 497.787684 -201.857136 1.675329 
136 493.709971 -201.798990 1.661606 
137 490.193798 -201.747681 1.649772 
138 487.339519 -201.704631 1.640166 
139 485.230537 -201.671092 1.633068 
140 483.924977 -201.648028 1.628674 
141 483.447920 -201.636011 1.627068 
142 483.785019 -201.635122 1.628203 
143 484.878266 -201.644878 1.631882 
144 486.624568 -201.664193 1.637759 
145 488.877567 -201.691382 1.645342 
146 491.452852 -201.724207 1.654009 
147 494.136384 -201.759969 1.663041 
148 496.695675 -201.795641 1.671654 
149 498.892943 -201.828037 1.679049 
150 500.499299 -201.853989 1.684455 
151 501.308864 -201.870551 1.687180 
152 501.151732 -201.875173 1.686651 
153 499.904765 -201.865866 1.682454 
154 497.499347 -201.841331 1.674359 
155 493.925523 -201.801035 1.662331 
156 489.232170 -201.745243 1.646535 
157 483.523215 -201.674994 1.627322 
158 476.950212 -201.592021 1.605200 
159 469.701909 -201.498636 1.580805 
160 461.991689 -201.397566 1.554856 
161 454.043980 -201.291782 1.528108 
162 446.080795 -201.184309 1.501307 
163 438.309571 -201.078057 1.475153 
164 430.913280 -200.975669 1.450260 
165 424.043546 -200.879405 1.427140 
166 417.817092 -200.791076 1.406184 
167 412.315478 -200.712014 1.387668 
168 407.587680 -200.643094 1.371757 
169 403.654802 -200.584777 1.358520 
170 400.515981 -200.537190 1.347957 
171 398.154583 -200.500206 1.340009 
172 396.543834 -200.473525 1.334588 
173 395.651269 -200.456741 1.331584 
174 395.441637 -200.449395 1.330879 
175 395.878201 -200.451000 1.332348 
176 396.922609 -200.461052 1.335863 
177 398.533753 -200.479018 1.341285 
178 400.666124 -200.504317 1.348462 
179 403.268211 -200.536298 1.357219 
180 406.281467 -200.574219 1.367361 
181 409.640200 -200.617245 1.378665 
182 413.272601 -200.664447 1.390890 
183 417.102918 -200.714826 1.403781 
184 421.054581 -200.767352 1.417080 
185 425.053930 -200.821007 1.430540 
186 429.034100 -200.874840 1.443936 
187 432.938575 -200.928015 1.457076 
188 436.723961 -200.979855 1.469816 
189 440.361621 -201.029874 1.482059 
190 443.837974 -201.077788 1.493759 
191 447.153432 -201.123512 1.504917 
192 450.320097 -201.167134 1.515575 
193 453.358535 -201.208880 1.525801 
194 456.293993 -201.249064 1.535680 
195 459.152529 -201.288037 1.545301 
196 461.957460 -201.326137 1.554741 
197 464.726512 -201.363644 1.564060 
198 467.469915 -201.400748 1.573293 
199 470.189588 -201.437532 1.582447 
200 472.879394 -201.473967 1.591499 
201 475.526359 -201.509921 1.600408 
202 478.112647 -201.545183 1.609112 
203 480.618033 -201.579493 1.617544 
204 483.022599 -201.612577 1.625637 
205 485.309382 -201.644182 1.633333 
206 487.466779 -201.674112 1.640594 
207 489.490498 -201.702259 1.647405 
208 491.384979 -201.728620 1.653781 
209 493.164196 -201.753320 1.659769 
210 494.851846 -201.776612 1.665449 
211 496.480926 -201.798879 1.670931 
212 498.092743 -201.820624 1.676356 
213 499.735401 -201.842450 1.681884 
214 501.461805 -201.865042 1.687695 
215 503.327236 -201.889133 1.693973 
216 505.386542 -201.915467 1.700904 
217 507.691023 -201.944767 1.708660 
218 510.285125 -201.977680 1.717390 
219 513.203079 -202.014743 1.727211 
220 516.465710 -202.056330 1.738191 
221 520.077645 -202.102618 1.750347 
222 524.025176 -202.153547 1.763633 
223 528.275057 -202.208803 1.777936 
224 532.774403 -202.267805 1.793079 
225 537.451812 -202.329714 1.808821 
226 542.219719 -202.393454 1.824868 
227 546.977830 -202.457755 1.840881 
228 551.617414 -202.521202 1.856496 
229 556.026123 -202.582299 1.871334 
230 560.092966 -202.639535 1.885021 
231 563.713085 -202.691449 1.897205 
232 566.791999 -202.736693 1.907567 
233 569.249085 -202.774083 1.915836 
234 571.020156 -202.802641 1.921797 
235 572.059064 -202.821621 1.925293 
236 572.338393 -202.830529 1.926233 
237 571.849336 -202.829121 1.924588 
238 570.600902 -202.817399 1.920386 
239 568.618640 -202.795599 1.913714 
240 565.943030 -202.764167 1.904710 
241 562.627686 -202.723740 1.893552 
242 558.737484 -202.675118 1.880459 
243 554.346651 -202.619242 1.865681 
244 549.536848 -202.557163 1.849494 
245 544.395186 -202.490021 1.832189 
246 539.012129 -202.419016 1.814072 
247 533.479202 -202.345376 1.795451 
248 527.886437 -202.270328 1.776628 
249 522.319570 -202.195060 1.757893 
250 516.857012 -202.120683 1.739508 
251 511.566759 -202.048186 1.721704 
252 506.503469 -201.978401 1.704663 
253 501.705997 -201.911959 1.688517 
254 497.195745 -201.849270 1.673337 
255 492.976148 -201.790498 1.659136 
256 489.033541 -201.735574 1.645867 
257 485.339519 -201.684209 1.633434 
258 481.854742 -201.635940 1.621706 
259 478.533889 -201.590188 1.610530 
260 475.331349 -201.546333 1.599751 
261 472.207021 -201.503787 1.589236 
262 469.131596 -201.462077 1.578886 
263 466.090666 -201.420903 1.568651 
264 463.087144 -201.380184 1.558543 
265 460.141640 -201.340081 1.548630 
266 457.290695 -201.300983 1.539035 
267 454.583032 -201.263471 1.529922 
268 452.074217 -201.228256 1.521478 
269 449.820344 -201.196101 1.513893 
270 447.871475 -201.167731 1.507334 
271 446.265632 -201.143747 1.501929 
272 445.024031 -201.124554 1.497751 
273 444.148164 -201.110308 1.494803 
274 443.619063 -201.100892 1.493022 
275 443.398825 -201.095918 1.492281 
276 443.434229 -201.094766 1.492400 
277 443.661988 -201.096642 1.493167 
278 444.015023 -201.100658 1.494355 
279 444.429048 -201.105920 1.495748 
280 444.848731 -201.111614 1.497161 
281 445.232797 -201.117082 1.498453 
282 445.557624 -201.121882 1.499546 
283 445.819054 -201.125826 1.500426 
284 446.032398 -201.128989 1.501144 
285 446.230844 -201.131703 1.501812 
286 446.462595 -201.134520 1.502592 
287 446.787216 -201.138171 1.503685 
288 447.271683 -201.143514 1.505315 
289 447.986563 -201.151480 1.507721 
290 449.002687 -201.163028 1.511141 
291 450.388496 -201.179097 1.515805 
292 452.208130 -201.200583 1.521929 
293 454.520151 -201.228314 1.529710 
294 457.376718 -201.263036 1.539324 
295 460.822967 -201.305406 1.550923 
296 464.896345 -201.355981 1.564632 
297 469.625715 -201.415208 1.580549 
298 475.030109 -201.483414 1.598738 
299 481.117109 -201.560780 1.619224 
300 487.880960 -201.647322 1.641988 
301 495.300534 -201.742861 1.666959 
302 503.337392 -201.847000 1.694007 
303 511.934141 -201.959096 1.722940 
304 521.013308 -202.078242 1.753496 
305 530.476908 -202.203256 1.785347 
306 540.206825 -202.332683 1.818093 
307 550.066069 -202.464801 1.851275 
308 559.900912 -202.597651 1.884375 
309 569.543846 -202.729063 1.916828 
310 578.817259 -202.856707 1.948038 
311 587.537681 -202.978145 1.977387 
312 595.520434 -203.090892 2.004254 
313 602.584490 -203.192476 2.028028 
314 608.557359 -203.280509 2.048130 
315 613.279828 -203.352752 2.064024 
316 616.610418 -203.407172 2.075233 
317 618.429450 -203.442006 2.081355 
318 618.642679 -203.455806 2.082073 
319 617.184469 -203.447493 2.077165 
320 614.020545 -203.416389 2.066517 
321 609.150360 -203.362256 2.050126 
322 602.609086 -203.285325 2.028111 
323 594.469242 -203.186318 2.000716 
324 584.841855 -203.066471 1.968315 
325 573.876993 -202.927541 1.931412 
326 561.763427 -202.771811 1.890643 
327 548.727070 -202.602078 1.846768 
328 535.027848 -202.421620 1.800663 
329 520.954619 -202.234140 1.753299 
330 506.817914 -202.043690 1.705721 
331 492.940387 -201.854548 1.659016 
332 479.645152 -201.671084 1.614270 
333 467.242455 -201.497583 1.572528 
334 456.015434 -201.338063 1.534743 
335 446.205992 -201.196081 1.501729 
336 438.001953 -201.074548 1.474117 
337 431.526689 -200.975573 1.452325 
338 426.832271 -200.900345 1.436525 
339 423.896900 -200.849067 1.426646 
340 422.626934 -200.820956 1.422372 
341 422.863421 -200.814296 1.423168 
342 424.392544 -200.826559 1.428314 
343 426.959079 -200.854563 1.436952 
344 430.281754 -200.894672 1.448135 
345 434.069288 -200.943003 1.460882 
346 438.036017 -200.995650 1.474232 
347 441.916129 -201.048878 1.487291 
348 445.475782 -201.099305 1.499271 
349 448.522597 -201.144049 1.509525 
350 450.912218 -201.180834 1.517568 
351 452.551792 -201.208061 1.523086 
352 453.400395 -201.224830 1.525942 
353 453.466493 -201.230929 1.526164 
354 452.802705 -201.226780 1.523930 
355 451.498254 -201.213351 1.519540 
356 449.669664 -201.192043 1.513386 
357 447.450454 -201.164556 1.505917 
358 444.980705 -201.132749 1.497605 
359 442.397454 -201.098502 1.488911 
360 439.826840 -201.063598 1.480259 
361 437.378722 -201.029632 1.472020 
362 435.144183 -200.997960 1.464500 
363 433.195919 -200.969681 1.457943 
364 431.591088 -200.945665 1.452541 
365 430.375823 -200.926599 1.448451 
366 429.590349 -200.913057 1.445808 
367 429.273644 -200.905567 1.444742 
368 429.466651 -200.904662 1.445391 
369 430.213400 -200.910916 1.447905 
370 431.559788 -200.924936 1.452436 
371 433.550184 -200.947338 1.459135 
372 436.222417 -200.978683 1.468128 
373 439.601975 -201.019406 1.479502 
374 443.696312 -201.069737 1.493282 
375 448.490109 -201.129629 1.509416 
376 453.942121 -201.198705 1.527765 
377 459.983903 -201.276227 1.548099 
378 466.520426 -201.361091 1.570098 
379 473.432249 -201.451849 1.593360 
380 480.578810 -201.546746 1.617412 
381 487.802301 -201.643764 1.641723 
382 494.931711 -201.740686 1.665717 
383 501.786807 -201.835138 1.688789 
384 508.182020 -201.924653 1.710312 
385 513.930416 -202.006715 1.729659 
386 518.848024 -202.078820 1.746209 
387 522.758833 -202.138535 1.759371 
388 525.500640 -202.183573 1.768599 
389 526.931792 -202.211878 1.773415 
390 526.938620 -202.221718 1.773438 
391 525.443165 -202.211790 1.768405 
392 522.410610 -202.181326 1.758199 
393 517.855737 -202.130181 1.742869 
394 511.847673 -202.058914 1.722649 
395 504.512281 -201.968837 1.697961 
396 496.031628 -201.862028 1.669419 
397 486.640192 -201.741298 1.637812 
398 476.617678 -201.610126 1.604081 
399 466.278580 -201.472529 1.569284 
400 455.958921 -201.332911 1.534553 
401 446.000863 -201.195863 1.501038 
402 436.736146 -201.065949 1.469857 
403 428.469465 -200.947479 1.442035 
404 421.463036 -200.844292 1.418455 
405 415.923557 -200.759564 1.399812 
406 411.992630 -200.695651 1.386582 
407 409.741461 -200.653991 1.379005 
408 409.170244 -200.635062 1.377083 
409 410.212228 -200.638405 1.380590 
410 412.741972 -200.662712 1.389104 
411 416.586927 -200.705955 1.402044 
412 421.541157 -200.765564 1.418718 
413 427.379866 -200.838616 1.438368 
414 433.873412 -200.922031 1.460223 
415 440.799654 -201.012748 1.483533 
416 447.953749 -201.107881 1.507611 
417 455.154887 -201.204825 1.531847 
418 462.249821 -201.301325 1.555725 
419 469.113393 -201.395510 1.578825 
420 475.646565 -201.485874 1.600812 
421 481.772613 -201.571240 1.621430 
422 487.432275 -201.650700 1.640478 
423 492.578616 -201.723547 1.657798 
424 497.172284 -201.789207 1.673258 
425 501.177706 -201.847179 1.686739 
426 504.560542 -201.896996 1.698124 
427 507.286574 -201.938197 1.707298 
428 509.321990 -201.970322 1.714149 
429 510.634880 -201.992926 1.718567 
430 511.197656 -202.005603 1.720461 
431 510.990058 -202.008027 1.719763 
432 510.002363 -201.999991 1.716438 
433 508.238457 -201.981451 1.710502 
434 505.718458 -201.952565 1.702021 
435 502.480638 -201.913724 1.691124 
436 498.582460 -201.865572 1.678004 
437 494.100624 -201.809012 1.662920 
438 489.130050 -201.745204 1.646192 
439 483.781848 -201.675538 1.628192 
440 478.180352 -201.601605 1.609340 
441 472.459372 -201.525149 1.590086 
442 466.757912 -201.448015 1.570897 
443 461.215611 -201.372086 1.552244 
444 455.968212 -201.299223 1.534584 
445 451.143377 -201.231206 1.518346 
446 446.857100 -201.169681 1.503920 
447 443.210919 -201.116116 1.491649 
448 440.290008 -201.071771 1.481818 
449 438.162132 -201.037677 1.474657 
450 436.877341 -201.014627 1.470333 
451 436.468170 -201.003177 1.468955 
452 436.950117 -201.003648 1.470577 
453 438.322149 -201.016139 1.475195 
454 440.567052 -201.040526 1.482750 
455 443.651559 -201.076468 1.493132 
456 447.526277 -201.123410 1.506172 
457 452.125556 -201.180576 1.521651 
458 457.367517 -201.246974 1.539293 
459 463.154497 -201.321393 1.558770 
460 469.374137 -201.402416 1.579702 
461 475.901292 -201.488442 1.601670 
462 482.600815 -201.577711 1.624217 
463 489.331172 -201.668356 1.646869 
464 495.948709 -201.758448 1.669140 
465 502.312314 -201.846064 1.690557 
466 508.288160 -201.929344 1.710669 
467 513.754195 -202.006560 1.729065 
468 518.604107 -202.076167 1.745388 
469 522.750514 -202.136857 1.759343 
470 526.127255 -202.187594 1.770708 
471 528.690727 -202.227636 1.779335 
472 530.420309 -202.256551 1.785156 
473 531.317979 -202.274215 1.788177 
474 531.407274 -202.280802 1.788478 
475 530.731782 -202.276764 1.786204 
476 529.353311 -202.262817 1.781565 
477 527.349898 -202.239903 1.774822 
478 524.813742 -202.209172 1.766287 
479 521.849111 -202.171952 1.756309 
480 518.570211 -202.129715 1.745274 
481 515.098954 -202.084057 1.733591 
482 511.562531 -202.036657 1.721689 
483 508.090692 -201.989252 1.710005 
484 504.812623 -201.943591 1.698972 
485 501.853385 -201.901390 1.689013 
486 499.329929 -201.864287 1.680520 
487 497.346821 -201.833779 1.673846 
488 495.991877 -201.811170 1.669285 
489 495.332051 -201.797508 1.667065 
490 495.409933 -201.793534 1.667327 
491 496.241253 -201.799646 1.670125 
492 497.813726 -201.815866 1.675417 
493 500.087458 -201.841842 1.683069 
494 502.996951 -201.876860 1.692861 
495 506.454576 -201.919882 1.704498 
496 510.355185 -201.969603 1.717626 
497 514.581389 -202.024516 1.731849 
498 519.008971 -202.082987 1.746751 
499 523.511913 -202.143322 1.761906 
500 527.966575 -202.203835 1.776898 
501 532.254758 -202.262893 1.791330 
502 536.265510 -202.318952 1.804828 
503 539.895752 -202.370570 1.817046 
504 543.049937 -202.416411 1.827662 
505 545.639072 -202.455233 1.836376 
506 547.579488 -202.485874 1.842906 
507 548.791758 -202.507239 1.846986 
508 549.200101 -202.518282 1.848360 
509 548.732556 -202.518007 1.846787 
510 547.322086 -202.505474 1.842040 
511 544.908688 -202.479825 1.833917 
512 541.442450 -202.440314 1.822252 
513 536.887417 -202.386356 1.806921 
514 531.226011 -202.317583 1.787868 
515 524.463691 -202.233907 1.765109 
516 516.633461 -202.135579 1.738756 
517 507.799805 -202.023251 1.709026 
518 498.061599 -201.898020 1.676251 
519 487.553573 -201.761457 1.640886 
520 476.445950 -201.615619 1.603503 
521 464.941983 -201.463025 1.564785 
522 453.273262 -201.306614 1.525514 
523 441.692846 -201.149661 1.486539 
524 430.466480 -200.995673 1.448756 
525 419.862383 -200.848264 1.413068 
526 410.140251 -200.711006 1.380348 
527 401.540279 -200.587280 1.351404 
528 394.273014 -200.480138 1.326946 
529 388.510807 -200.392168 1.307553 
530 384.381473 -200.325399 1.293655 
531 381.964515 -200.281232 1.285521 
532 381.290020 -200.260404 1.283251 
533 382.340034 -200.262994 1.286785 
534 385.051996 -200.288451 1.295912 
535 389.323689 -200.335659 1.310288 
536 395.019066 -200.403003 1.329456 
537 401.974357 -200.488456 1.352865 
538 410.003989 -200.589656 1.379889 
539 418.905961 -200.703986 1.409849 
540 428.466533 -200.828640 1.442026 
541 438.464208 -200.960681 1.475673 
542 448.673159 -201.097092 1.510032 
543 458.866291 -201.234819 1.544337 
544 468.818200 -201.370811 1.577831 
545 478.308261 -201.502058 1.609770 
546 487.124009 -201.625640 1.639440 
547 495.064913 -201.738769 1.666166 
548 501.946554 -201.838846 1.689326 
549 507.605085 -201.923519 1.708370 
550 511.901828 -201.990744 1.722831 
551 514.727756 -202.038846 1.732342 
552 516.007586 -202.066579 1.736649 
553 515.703193 -202.073173 1.735625 
554 513.816076 -202.058380 1.729274 
555 510.388605 -202.022494 1.717738 
556 505.503871 -201.966361 1.701299 
557 499.283991 -201.891366 1.680365 
558 491.886868 -201.799402 1.655470 
559 483.501469 -201.692812 1.627248 
560 474.341838 -201.574320 1.596421 
561 464.640192 -201.446942 1.563770 
562 454.639515 -201.313889 1.530112 
563 444.586159 -201.178469 1.496277 
564 434.722941 -201.043983 1.463082 
565 425.283170 -200.913647 1.431312 
566 416.485890 -200.790514 1.401704 
567 408.532475 -200.677418 1.374936 
568 401.604469 -200.576940 1.351620 
569 395.862450 -200.491385 1.332295 
570 391.445518 -200.422772 1.317429 
571 388.471022 -200.372828 1.307419 
572 387.034111 -200.342985 1.302583 
573 387.206894 -200.334371 1.303164 
574 389.037063 -200.347795 1.309324 
575 392.546068 -200.383726 1.321133 
576 397.727062 -200.442264 1.338570 
577 404.542916 -200.523117 1.361509 
578 412.924676 -200.625572 1.389719 
579 422.770803 -200.748481 1.422856 
580 433.947443 -200.890259 1.460472 
581 446.289898 -201.048890 1.502011 
582 459.605324 -201.221963 1.546825 
583 473.676568 -201.406710 1.594182 
584 488.266963 -201.600067 1.643287 
585 503.125848 -201.798744 1.693295 
586 517.994509 -201.999302 1.743336 
587 532.612293 -202.198234 1.792533 
588 546.722617 -202.392049 1.840022 
589 560.078674 -202.577348 1.884973 
590 572.448679 -202.750901 1.926605 
591 583.620553 -202.909712 1.964204 
592 593.405999 -203.051081 1.997138 
593 601.643971 -203.172650 2.024863 
594 608.203564 -203.272450 2.046940 
595 612.986393 -203.348932 2.063036 
596 615.928507 -203.401001 2.072938 
597 617.001900 -203.428037 2.076551 
598 616.215638 -203.429910 2.073905 
599 613.616593 -203.406996 2.065157 
600 609.289714 -203.360182 2.050595 
601 603.357737 -203.290869 2.030631 
602 595.980153 -203.200958 2.005801 
603 587.351257 -203.092836 1.976760 
604 577.697045 -202.969338 1.944268 
605 567.270804 -202.833700 1.909178 
606 556.347227 -202.689486 1.872414 
607 545.215052 -202.540504 1.834949 
608 534.168319 -202.390692 1.797770 
609 523.496513 -202.243994 1.761854 
610 513.474044 -202.104226 1.728123 
611 504.349651 -201.974924 1.697414 
612 496.336434 -201.859214 1.670445 
613 489.603277 -201.759679 1.647784 
614 484.268342 -201.678261 1.629829 
615 480.395217 -201.616188 1.616794 
616 477.992058 -201.573941 1.608706 
617 477.013790 -201.551268 1.605414 
618 477.367157 -201.547226 1.606603 
619 478.918125 -201.560273 1.611823 
620 481.500947 -201.588376 1.620516 
621 484.928106 -201.629140 1.632050 
622 489.000334 -201.679946 1.645755 
623 493.516027 -201.738080 1.660953 
624 498.279520 -201.800857 1.676985 
625 503.107920 -201.865717 1.693235 
626 507.836334 -201.930312 1.709149 
627 512.321514 -201.992562 1.724244 
628 516.443982 -202.050697 1.738118 
629 520.108719 -202.103270 1.750452 
630 523.244501 -202.149165 1.761006 
631 525.801899 -202.187573 1.769613 
632 527.750041 -202.217960 1.776169 
633 529.072257 -202.240011 1.780619 
634 529.760907 -202.253573 1.782937 
635 529.811891 -202.258573 1.783108 
636 529.219491 -202.254953 1.781115 
637 527.972343 -202.242603 1.776917 
638 526.051320 -202.221317 1.770452 
639 523.429955 -202.190787 1.761630 
640 520.077717 -202.150621 1.750348 
641 515.966011 -202.100409 1.736509 
642 511.076326 -202.039821 1.720053 
643 505.409456 -201.968723 1.700981 
644 498.994427 -201.887304 1.679391 
645 491.895626 -201.796184 1.655499 
646 484.216679 -201.696492 1.629655 
647 476.100043 -201.589890 1.602339 
648 467.721773 -201.478535 1.574141 
649 459.281717 -201.364977 1.545736 
650 450.990131 -201.252001 1.517830 
651 443.052410 -201.142429 1.491115 
652 435.654046 -201.038916 1.466215 
653 428.947996 -200.943757 1.443646 
654 423.046269 -200.858747 1.423783 
655 418.016801 -200.785097 1.406856 
656 413.885736 -200.723434 1.392953 
657 410.644249 -200.673860 1.382044 
658 408.258333 -200.636071 1.374014 
659 406.679546 -200.609494 1.368700 
660 405.854804 -200.593433 1.365925 
661 405.733663 -200.587180 1.365517 
662 406.272197 -200.590096 1.367329 
663 407.433253 -200.601638 1.371237 
664 409.183544 -200.621336 1.377128 
665 411.488466 -200.648742 1.384885 
666 414.305798 -200.683348 1.394367 
667 417.579509 -200.724502 1.405385 
668 421.234751 -200.771327 1.417687 
669 425.174864 -200.822671 1.430947 
670 429.280926 -200.877081 1.444766 
671 433.414021 -200.932816 1.458677 
672 437.420086 -200.987892 1.472159 
673 441.136957 -201.040169 1.484668 
674 444.403034 -201.087451 1.495661 
675 447.066866 -201.127616 1.504626 
676 448.996925 -201.158744 1.511122 
677 450.090876 -201.179246 1.514803 
678 450.283672 -201.187984 1.515452 
679 449.553947 -201.184368 1.512996 
680 447.928243 -201.168429 1.507525 
681 445.482770 -201.140857 1.499295 
682 442.342483 -201.103012 1.488726 
683 438.677415 -201.056887 1.476391 
684 434.696340 -201.005044 1.462992 
685 430.637982 -200.950514 1.449334 
686 426.760156 -200.896656 1.436283 
687 423.327365 -200.847009 1.424729 
688 420.597531 -200.805110 1.415542 
689 418.808636 -200.774320 1.409521 
690 418.166103 -200.757642 1.407359 
691 418.831728 -200.757565 1.409599 
692 420.914893 -200.775927 1.416610 
693 424.466638 -200.813813 1.428564 
694 429.476930 -200.871503 1.445426 
695 435.875241 -200.948450 1.466960 
696 443.534292 -201.043316 1.492737 
697 452.276571 -201.154035 1.522159 
698 461.883059 -201.277924 1.554491 
699 472.103495 -201.411806 1.588888 
700 482.667427 -201.552158 1.624441 
701 493.295358 -201.695260 1.660210 
702 503.709352 -201.837344 1.695259 
703 513.642573 -201.974727 1.728690 
704 522.847410 -202.103935 1.759669 
705 531.101934 -202.221798 1.787450 
706 538.214624 -202.325525 1.811388 
707 544.027376 -202.412760 1.830951 
708 548.416944 -202.481607 1.845725 
709 551.295013 -202.530643 1.855411 
710 552.607179 -202.558908 1.859827 
711 552.331134 -202.565889 1.858898 
712 550.474360 -202.551491 1.852649 
713 547.071624 -202.516002 1.841197 
714 542.182538 -202.460060 1.824742 
715 535.889357 -202.384623 1.803562 
716 528.295143 -202.290943 1.778004 
717 519.522297 -202.180539 1.748478 
718 509.711402 -202.055182 1.715459 
719 499.020213 -201.916883 1.679477 
720 487.622584 -201.767877 1.641118 
721 475.707101 -201.610605 1.601016 
722 463.475185 -201.447697 1.559849 
723 451.138493 -201.281939 1.518329 
724 438.915498 -201.116232 1.477192 
725 427.027256 -200.953543 1.437182 
726 415.692450 -200.796840 1.399034 
727 405.121928 -200.649024 1.363458 
728 395.513050 -200.512852 1.331119 
729 387.044187 -200.390863 1.302617 
730 379.869790 -200.285304 1.278471 
731 374.116392 -200.198074 1.259107 
732 369.879839 -200.130671 1.244849 
733 367.223954 -200.084174 1.235911 
734 366.180664 -200.059225 1.232399 
735 366.751482 -200.056048 1.234320 
736 368.910070 -200.074471 1.241585 
737 372.605492 -200.113969 1.254022 
738 377.765703 -200.173709 1.271389 
739 384.300815 -200.252596 1.293384 
740 392.105745 -200.349315 1.319651 
741 401.062013 -200.462358 1.349794 
742 411.038625 -200.590045 1.383371 
743 421.892145 -200.730530 1.419899 
744 433.466284 -200.881793 1.458852 
745 445.591384 -201.041642 1.499660 
746 458.084258 -201.207700 1.541705 
747 470.748779 -201.377411 1.584329 
748 483.377503 -201.548054 1.626831 
749 495.754475 -201.716773 1.668486 
750 507.659199 -201.880621 1.708552 
751 518.871621 -202.036625 1.746288 
752 529.177869 -202.181851 1.780975 
753 538.376456 -202.313495 1.811933 
754 546.284605 -202.428957 1.838548 
755 552.744382 -202.525936 1.860289 
756 557.628350 -202.602500 1.876726 
757 560.844486 -202.657165 1.887550 
758 562.340128 -202.688951 1.892584 
759 562.104791 -202.697430 1.891792 
760 560.171690 -202.682752 1.885286 
761 556.617886 -202.645661 1.873325 
762 551.563010 -202.587485 1.856313 
763 545.166548 -202.510107 1.834785 
764 537.623764 -202.415924 1.809400 
765 529.160375 -202.307780 1.780916 
766 520.026148 -202.188885 1.750174 
767 510.487676 -202.062730 1.718072 
768 500.820608 -201.932976 1.685537 
769 491.301692 -201.803357 1.653500 
770 482.200983 -201.677565 1.622872 
771 473.774572 -201.559153 1.594512 
772 466.258159 -201.451443 1.569215 
773 459.861713 -201.357443 1.547688 
774 454.765355 -201.279784 1.530536 
775 451.116494 -201.220676 1.518255 
776 449.028083 -201.181873 1.511226 
777 448.577813 -201.164661 1.509711 
778 449.807947 -201.169846 1.513851 
779 452.725533 -201.197760 1.523670 
780 457.302771 -201.248263 1.539075 
781 463.477430 -201.320748 1.559856 
782 471.153351 -201.414147 1.585690 
783 480.201195 -201.526942 1.616141 
784 490.459699 -201.657172 1.650667 
785 501.737719 -201.802462 1.688623 
786 513.817292 -201.960051 1.729278 
787 526.457830 -202.126844 1.771820 
788 539.401388 -202.299477 1.815382 
789 552.378826 -202.474391 1.859059 
790 565.116523 -202.647920 1.901928 
791 577.343296 -202.816386 1.943078 
792 588.797143 -202.976188 1.981626 
793 599.231535 -203.123895 2.016744 
794 608.421017 -203.256319 2.047671 
795 616.166021 -203.370592 2.073738 
796 622.296799 -203.464223 2.094371 
797 626.676449 -203.535143 2.109111 
798 629.203007 -203.581741 2.117614 
799 629.810598 -203.602885 2.119659 
800 628.469664 -203.597935 2.115146 
801 625.186373 -203.566733 2.104096 
802 620.001393 -203.509598 2.086646 
803 612.988341 -203.427301 2.063043 
804 604.252266 -203.321047 2.033641 
805 593.928557 -203.192456 1.998896 
806 582.182556 -203.043553 1.959365 
807 569.209973 -202.876767 1.915705 
808 555.237902 -202.694943 1.868681 
809 540.525957 -202.501357 1.819167 
810 525.366734 -202.299726 1.768148 
811 510.084713 -202.094210 1.716716 
812 495.032667 -201.889376 1.666057 
813 480.584931 -201.690132 1.617433 
814 467.127214 -201.501616 1.572140 
815 455.043212 -201.329030 1.531471 
816 444.698745 -201.177448 1.496656 
817 436.424640 -201.051587 1.468809 
818 430.499782 -200.955579 1.448869 
819 427.135800 -200.892748 1.437547 
820 426.464603 -200.865424 1.435288 
821 428.529582 -200.874800 1.442238 
822 433.280806 -200.920835 1.458228 
823 440.574165 -201.002223 1.482774 
824 450.174136 -201.116401 1.515084 
825 461.759854 -201.259611 1.554076 
826 474.934281 -201.427003 1.598415 
827 489.236455 -201.612777 1.646550 
828 504.156923 -201.810375 1.696765 
829 519.156361 -202.012701 1.747247 
830 533.687120 -202.212403 1.796151 
831 547.216964 -202.402170 1.841686 
832 559.253794 -202.575066 1.882197 
833 569.369769 -202.724862 1.916242 
834 577.223019 -202.846342 1.942673 
835 582.575260 -202.935578 1.960686 
836 585.303878 -202.990124 1.969869 
837 585.407512 -203.009142 1.970218 
838 583.004659 -202.993428 1.962131 
839 578.325361 -202.945347 1.946383 
840 571.696466 -202.868676 1.924073 
841 563.521394 -202.768367 1.896559 
842 554.255663 -202.650243 1.865375 
843 544.379740 -202.520651 1.832137 
844 534.370978 -202.386083 1.798452 
845 524.676536 -202.252804 1.765825 
846 515.689097 -202.126505 1.735577 
847 507.727060 -202.011999 1.708781 
848 501.020450 -201.912996 1.686209 
849 495.703302 -201.831955 1.668314 
850 491.812689 -201.770023 1.655220 
851 489.293945 -201.727070 1.646743 
852 488.011144 -201.701793 1.642426 
853 487.761554 -201.691885 1.641586 
854 488.292601 -201.694253 1.643373 
855 489.319923 -201.705254 1.646831 
856 490.545275 -201.720936 1.650955 
857 491.673295 -201.737277 1.654751 
858 492.426474 -201.750398 1.657286 
859 492.557954 -201.756750 1.657728 
860 491.861962 -201.753270 1.655386 
861 490.181882 -201.737507 1.649732 
862 487.415968 -201.707715 1.640423 
863 483.520739 -201.662912 1.627313 
864 478.512039 -201.602913 1.610456 
865 472.463707 -201.528324 1.590100 
866 465.503824 -201.440515 1.566676 
867 457.808532 -201.341546 1.540778 
868 449.593551 -201.234070 1.513130 
869 441.103683 -201.121206 1.484557 
870 432.600802 -201.006386 1.455940 
871 424.351012 -200.893185 1.428175 
872 416.611785 -200.785148 1.402128 
873 409.619948 -200.685623 1.378596 
874 403.581312 -200.597604 1.358273 
875 398.662542 -200.523609 1.341719 
876 394.985669 -200.465590 1.329344 
877 392.625309 -200.424873 1.321400 
878 391.608452 -200.402140 1.317978 
879 391.916477 -200.397443 1.319014 
880 393.488964 -200.410243 1.324307 
881 396.228846 -200.439471 1.333528 
882 400.008495 -200.483603 1.346249 
883 404.676391 -200.540750 1.361959 
884 410.064085 -200.608745 1.380091 
885 415.993205 -200.685243 1.400046 
886 422.282279 -200.767810 1.421212 
887 428.753129 -200.854015 1.442990 
888 435.236626 -200.941511 1.464811 
889 441.577588 -201.028108 1.486151 
890 447.638647 -201.111831 1.506550 
891 453.302981 -201.190964 1.525614 
892 458.475870 -201.264082 1.543023 
893 463.085112 -201.330060 1.558536 
894 467.080412 -201.388076 1.571982 
895 470.431905 -201.437593 1.583262 
896 473.128004 -201.478334 1.592336 
897 475.172801 -201.510253 1.599218 
898 476.583201 -201.533496 1.603965 
899 477.386004 -201.548362 1.606666 
900 477.615091 -201.555263 1.607437 
901 477.308846 -201.554689 1.606407 
902 476.507951 -201.547175 1.603711 
903 475.253604 -201.533275 1.599490 
904 473.586260 -201.513541 1.593878 
905 471.544905 -201.488507 1.587008 
906 469.166896 -201.458687 1.579005 
907 466.488339 -201.424576 1.569990 
908 463.544979 -201.386655 1.560084 
909 460.373528 -201.345410 1.549410 
910 457.013323 -201.301350 1.538101 
911 453.508183 -201.255033 1.526304 
912 449.908317 -201.207089 1.514189 
913 446.272072 -201.158247 1.501951 
914 442.667340 -201.109355 1.489819 
915 439.172413 -201.061396 1.478057 
916 435.876074 -201.015497 1.466963 
917 432.876763 -200.972921 1.456868 
918 430.280678 -200.935049 1.448131 
919 428.198749 -200.903348 1.441124 
920 426.742493 -200.879325 1.436223 
921 426.018879 -200.864458 1.433788 
922 426.124424 -200.860128 1.434143 
923 427.138882 -200.867530 1.437557 
924 429.118957 -200.887594 1.444221 
925 432.092584 -200.920897 1.454229 
926 436.054340 -200.967596 1.467563 
927 440.962534 -201.027378 1.484081 
928 446.738455 -201.099430 1.503521 
929 453.268107 -201.182450 1.525496 
930 460.406574 -201.274686 1.549521 
931 467.984905 -201.374013 1.575027 
932 475.819149 -201.478039 1.601393 
933 483.720917 -201.584241 1.627987 
934 491.508621 -201.690109 1.654197 
935 499.018404 -201.793303 1.679471 
936 506.113700 -201.891786 1.703351 
937 512.692479 -201.983944 1.725492 
938 518.691396 -202.068660 1.745682 
939 524.086407 -202.145348 1.763839 
940 528.889818 -202.213936 1.780005 
941 533.144163 -202.274805 1.794323 
942 536.913706 -202.328690 1.807010 
943 540.274622 -202.376553 1.818321 
944 543.305046 -202.419447 1.828520 
945 546.076063 -202.458391 1.837846 
946 548.644498 -202.494255 1.846490 
947 551.047972 -202.527681 1.854580 
948 553.302362 -202.559033 1.862167 
949 555.401445 -202.588374 1.869231 
950 557.318349 -202.615477 1.875683 
951 559.008346 -202.639856 1.881371 
952 560.412576 -202.660807 1.886097 
953 561.462391 -202.677462 1.889630 
954 562.084087 -202.688857 1.891722 
955 562.203889 -202.693988 1.892125 
956 561.753008 -202.691888 1.890608 
957 560.672596 -202.681689 1.886972 
958 558.918315 -202.662689 1.881068 
959 556.464206 -202.634408 1.872808 
960 553.305516 -202.596636 1.862177 
961 549.460199 -202.549459 1.849236 
962 544.968868 -202.493273 1.834120 
963 539.893163 -202.428769 1.817037 
964 534.312625 -202.356904 1.798256 
965 528.320368 -202.278846 1.778089 
966 522.017965 -202.195916 1.756878 
967 515.510078 -202.109509 1.734975 
968 508.899402 -202.021028 1.712726 
969 502.282457 -201.931822 1.690457 
970 495.746691 -201.843133 1.668460 
971 489.369162 -201.756068 1.646996 
972 483.216906 -201.671597 1.626291 
973 477.348830 -201.590564 1.606541 
974 471.818765 -201.513725 1.587930 
975 466.679095 -201.441787 1.570632 
976 461.984251 -201.375467 1.554831 
977 457.793308 -201.315527 1.540726 
978 454.170938 -201.262800 1.528535 
979 451.186178 -201.218190 1.518490 
980 448.908705 -201.182641 1.510825 
981 447.402697 -201.157064 1.505756 
982 446.718722 -201.142247 1.503454 
983 446.884541 -201.138731 1.504012 
984 447.895985 -201.146689 1.507416 
985 449.709263 -201.165808 1.513519 
986 452.236025 -201.195204 1.522023 
987 455.342245 -201.233377 1.532477 
988 458.851559 -201.278229 1.544288 
989 462.553072 -201.327137 1.556745 
990 466.213030 -201.377086 1.569063 
991 469.589184 -201.424847 1.580426 
992 472.446287 -201.467181 1.590042 
993 474.571024 -201.501046 1.597193 
994 475.784819 -201.523784 1.601278 
995 475.953311 -201.533277 1.601845 
996 474.991854 -201.528044 1.598609 
997 472.866976 -201.507290 1.591457 
998 469.594319 -201.470900 1.580443 
999 465.233997 -201.419392 1.565768 
1000 459.884581 -201.353844 1.547765 
1001 453.676913 -201.275811 1.526872 
1002 446.768769 -201.187242 1.503623 
1003 439.340967 -201.090422 1.478624 
1004 431.595016 -200.987928 1.452555 
1005 423.751822 -200.882608 1.426158 
1006 416.050493 -200.777561 1.400239 
1007 408.745981 -200.676121 1.375655 
1008 402.104214 -200.581805 1.353302 
1009 396.393714 -200.498228 1.334083 
1010 391.873234 -200.428965 1.318869 
1011 388.775856 -200.377353 1.308445 
1012 387.290873 -200.346267 1.303447 
1013 387.545649 -200.337864 1.304304 
1014 389.590094 -200.353360 1.311185 
1015 393.386357 -200.392846 1.323961 
1016 398.805745 -200.455198 1.342201 
1017 405.633819 -200.538092 1.365181 
1018 413.583329 -200.638124 1.391935 
1019 422.313475 -200.751031 1.421317 
1020 431.453098 -200.871980 1.452077 
1021 440.625100 -200.995896 1.482946 
1022 449.469501 -201.117781 1.512712 
1023 457.663129 -201.233008 1.540288 
1024 464.934669 -201.337553 1.564761 
1025 471.074584 -201.428167 1.585425 
1026 475.940038 -201.502473 1.601800 
1027 479.455420 -201.559002 1.613631 
1028 481.609309 -201.597174 1.620880 
1029 482.448763 -201.617240 1.623705 
1030 482.071789 -201.620189 1.622437 
1031 480.618710 -201.607639 1.617546 
1032 478.263027 -201.581719 1.609618 
1033 475.202184 -201.544940 1.599317 
1034 471.648578 -201.500076 1.587357 
1035 467.821035 -201.450043 1.574475 
1036 463.936884 -201.397791 1.561403 
1037 460.204775 -201.346198 1.548842 
1038 456.818302 -201.297982 1.537445 
1039 453.950545 -201.255620 1.527793 
1040 451.749591 -201.221281 1.520386 
1041 450.335157 -201.196773 1.515625 
1042 449.796369 -201.183504 1.513812 
1043 450.190797 -201.182462 1.515140 
1044 451.544750 -201.194211 1.519696 
1045 453.854830 -201.218902 1.527471 
1046 457.090635 -201.256302 1.538361 
1047 461.198459 -201.305838 1.552186 
1048 466.105754 -201.366652 1.568702 
1049 471.726072 -201.437666 1.587618 
1050 477.964185 -201.517649 1.608612 
1051 484.721058 -201.605284 1.631353 
1052 491.898411 -201.699238 1.655509 
1053 499.402592 -201.798211 1.680764 
1054 507.147584 -201.900990 1.706831 
1055 515.057016 -202.006480 1.733450 
1056 523.065077 -202.113723 1.760402 
1057 531.116344 -202.221903 1.787499 
1058 539.164547 -202.330338 1.814585 
1059 547.170379 -202.438458 1.841529 
1060 555.098484 -202.545763 1.868212 
1061 562.913843 -202.651787 1.894515 
1062 570.577798 -202.756040 1.920308 
1063 578.044001 -202.857956 1.945436 
1064 585.254628 -202.956839 1.969704 
1065 592.137170 -203.051816 1.992867 
1066 598.602137 -203.141800 2.014625 
1067 604.541950 -203.225465 2.034616 
1068 609.831255 -203.301240 2.052418 
1069 614.328781 -203.367327 2.067554 
1070 617.880801 -203.421733 2.079509 
1071 620.326129 -203.462328 2.087739 
1072 621.502510 -203.486925 2.091698 
1073 621.254160 -203.493368 2.090862 
1074 619.440164 -203.479648 2.084757 
1075 615.943348 -203.444013 2.072988 
1076 610.679241 -203.385091 2.055272 
1077 603.604654 -203.302009 2.031462 
1078 594.725421 -203.194506 2.001578 
1079 584.102783 -203.063024 1.965827 
1080 571.857948 -202.908787 1.924617 
1081 558.174331 -202.733845 1.878564 
1082 543.297103 -202.541085 1.828494 
1083 527.529735 -202.334211 1.775428 
1084 511.227428 -202.117670 1.720561 
1085 494.787438 -201.896545 1.665232 
1086 478.636597 -201.676408 1.610875 
1087 463.216447 -201.463129 1.558978 
1088 448.966660 -201.262670 1.511020 
1089 436.307517 -201.080846 1.468415 
1090 425.622316 -200.923097 1.432453 
1091 417.240603 -200.794247 1.404244 
1092 411.423101 -200.698292 1.384665 
1093 408.349112 -200.638211 1.374319 
1094 408.107063 -200.615820 1.373505 
1095 410.688751 -200.631664 1.382194 
1096 415.987653 -200.684969 1.400027 
1097 423.801541 -200.773651 1.426325 
1098 433.839429 -200.894373 1.460108 
1099 445.732702 -201.042673 1.500136 
1100 459.050014 -201.213140 1.544956 
1101 473.315291 -201.399634 1.592966 
1102 488.027948 -201.595545 1.642482 
1103 502.684160 -201.794078 1.691809 
1104 516.797909 -201.988535 1.739309 
1105 529.920487 -202.172595 1.783474 
1106 541.657213 -202.340555 1.822974 
1107 551.680354 -202.487534 1.856708 
1108 559.737577 -202.609617 1.883825 
1109 565.655632 -202.703936 1.903742 
1110 569.339443 -202.768690 1.916140 
1111 570.767102 -202.803099 1.920945 
1112 569.981678 -202.807323 1.918302 
1113 567.080895 -202.782326 1.908539 
1114 562.205902 -202.729734 1.892132 
1115 555.530297 -202.651683 1.869665 
1116 547.250432 -202.550677 1.841799 
1117 537.577786 -202.429473 1.809245 
1118 526.733831 -202.290992 1.772749 
1119 514.947490 -202.138268 1.733082 
1120 502.454865 -201.974432 1.691037 
1121 489.500611 -201.802719 1.647439 
1122 476.340054 -201.626490 1.603146 
1123 463.241035 -201.449268 1.559061 
1124 450.484445 -201.274747 1.516128 
1125 438.362548 -201.106792 1.475331 
1126 427.174506 -200.949393 1.437677 
1127 417.218860 -200.806589 1.404171 
1128 408.783196 -200.682344 1.375780 
1129 402.131642 -200.580395 1.353394 
1130 397.491216 -200.504069 1.337777 
1131 395.038269 -200.456103 1.329521 
1132 394.886367 -200.438465 1.329010 
1133 397.076809 -200.452211 1.336382 
1134 401.572746 -200.497378 1.351513 
1135 408.257494 -200.572930 1.374011 
1136 416.937200 -200.676769 1.403223 
1137 427.347638 -200.805797 1.438260 
1138 439.164578 -200.956035 1.478030 
1139 452.016939 -201.122777 1.521286 
1140 465.501808 -201.300788 1.566670 
1141 479.200396 -201.484509 1.612773 
1142 492.694037 -201.668278 1.658186 
1143 505.579481 -201.846536 1.701553 
1144 517.482814 -202.014030 1.741614 
1145 528.071576 -202.165986 1.777251 
1146 537.064722 -202.298258 1.807518 
1147 544.240289 -202.407449 1.831668 
1148 549.440670 -202.490997 1.849170 
1149 552.575538 -202.547229 1.859721 
1150 553.622475 -202.575387 1.863244 
1151 552.625382 -202.575620 1.859888 
1152 549.690778 -202.548947 1.850012 
1153 544.982062 -202.497196 1.834164 
1154 538.711902 -202.422914 1.813062 
1155 531.132923 -202.329250 1.787554 
1156 522.526991 -202.219819 1.758591 
1157 513.193524 -202.098555 1.727178 
1158 503.437340 -201.969546 1.694344 
1159 493.556693 -201.836870 1.661090 
1160 483.832148 -201.704442 1.628361 
1161 474.516947 -201.575869 1.597011 
1162 465.829351 -201.454338 1.567772 
1163 457.947319 -201.342521 1.541245 
1164 451.005628 -201.242529 1.517882 
1165 445.095363 -201.155879 1.497991 
1166 440.265522 -201.083513 1.481736 
1167 436.526387 -201.025822 1.469151 
1168 433.854261 -200.982708 1.460158 
1169 432.197168 -200.953652 1.454581 
1170 431.481172 -200.937796 1.452171 
1171 431.616944 -200.934030 1.452628 
1172 432.506286 -200.941081 1.455622 
1173 434.048248 -200.957600 1.460811 
1174 436.144540 -200.982237 1.467866 
1175 438.703862 -201.013710 1.476480 
1176 441.644885 -201.050853 1.486378 
1177 444.897649 -201.092647 1.497325 
1178 448.403293 -201.138225 1.509124 
1179 452.112248 -201.186862 1.521606 
1180 455.981173 -201.237938 1.534627 
1181 459.969154 -201.290892 1.548049 
1182 464.033803 -201.345168 1.561729 
1183 468.127907 -201.400168 1.575508 
1184 472.197245 -201.455211 1.589203 
1185 476.179976 -201.509516 1.602608 
1186 480.007722 -201.562202 1.615490 
1187 483.608192 -201.612319 1.627608 
1188 486.908887 -201.658884 1.638716 
1189 489.841270 -201.700942 1.648585 
1190 492.344678 -201.737618 1.657011 
1191 494.369376 -201.768163 1.663825 
1192 495.878291 -201.791992 1.668903 
1193 496.847259 -201.808694 1.672164 
1194 497.263881 -201.818024 1.673566 
1195 497.125347 -201.819884 1.673100 
1196 496.435729 -201.814286 1.670779 
1197 495.203348 -201.801317 1.666632 
1198 493.438755 -201.781106 1.660693 
1199 491.153769 -201.753804 1.653003 
1200 488.361821 -201.719579 1.643606 
1201 485.079666 -201.678631 1.632560 
1202 481.330314 -201.631221 1.619941 
1203 477.146892 -201.577721 1.605862 
1204 472.576990 -201.518668 1.590481 
1205 467.687032 -201.454822 1.574024 
1206 462.566118 -201.387226 1.556789 
1207 457.328859 -201.317248 1.539163 
1208 452.116730 -201.246612 1.521621 
1209 447.097536 -201.177402 1.504729 
1210 442.462701 -201.112045 1.489130 
1211 438.422190 -201.053253 1.475532 
1212 435.197019 -201.003942 1.464677 
1213 433.009508 -200.967115 1.457315 
1214 432.071613 -200.945715 1.454159 
1215 432.571905 -200.942461 1.455842 
1216 434.661962 -200.959666 1.462877 
1217 438.443119 -200.999052 1.475602 
1218 443.954604 -201.061584 1.494151 
1219 451.164119 -201.147321 1.518415 
1220 459.961809 -201.255313 1.548024 
1221 470.158331 -201.383545 1.582341 
1222 481.487477 -201.528941 1.620470 
1223 493.613386 -201.687434 1.661281 
1224 506.142057 -201.854087 1.703446 
1225 518.636507 -202.023280 1.745497 
1226 530.634662 -202.188928 1.785877 
1227 541.668907 -202.344740 1.823014 
1228 551.286152 -202.484485 1.855381 
1229 559.067331 -202.602260 1.881569 
1230 564.645383 -202.692744 1.900342 
1231 567.720963 -202.751427 1.910693 
1232 568.075339 -202.774802 1.911886 
1233 565.580179 -202.760519 1.903488 
1234 560.204083 -202.707494 1.885395 
1235 552.015878 -202.615977 1.857837 
1236 541.184750 -202.487573 1.821384 
1237 527.977307 -202.325221 1.776934 
1238 512.751622 -202.133142 1.725691 
1239 495.948271 -201.916728 1.669139 
1240 478.078313 -201.682410 1.608996 
1241 459.708176 -201.437469 1.547171 
1242 441.441500 -201.189815 1.485693 
1243 423.898121 -200.947721 1.426650 
1244 407.690715 -200.719525 1.372103 
1245 393.399883 -200.513301 1.324007 
1246 381.548894 -200.336521 1.284122 
1247 372.579553 -200.195720 1.253935 
1248 366.830902 -200.096186 1.234588 
1249 364.522424 -200.041701 1.226818 
1250 365.743210 -200.034355 1.230927 
1251 370.448099 -200.074444 1.246762 
1252 378.461172 -200.160467 1.273730 
1253 389.486303 -200.289226 1.310836 
1254 403.123797 -200.456005 1.356733 
1255 418.891643 -200.654831 1.409801 
1256 436.249573 -200.878782 1.468220 
1257 454.624098 -201.120319 1.530060 
1258 473.432793 -201.371622 1.593362 
1259 492.106490 -201.624904 1.656209 
1260 510.108433 -201.872691 1.716795 
1261 526.949910 -202.108055 1.773476 
1262 542.202293 -202.324804 1.824809 
1263 555.505716 -202.517616 1.869582 
1264 566.574824 -202.682140 1.906836 
1265 575.202099 -202.815052 1.935871 
1266 581.259230 -202.914090 1.956257 
1267 584.696876 -202.978060 1.967827 
1268 585.543002 -203.006821 1.970674 
1269 583.899780 -203.001255 1.965144 
1270 579.938887 -202.963217 1.951813 
1271 573.894971 -202.895453 1.931472 
1272 566.057022 -202.801506 1.905093 
1273 556.757572 -202.685579 1.873795 
1274 546.359822 -202.552378 1.838801 
1275 535.243177 -202.406929 1.801388 
1276 523.787940 -202.254370 1.762834 
1277 512.360215 -202.099751 1.724374 
1278 501.298185 -201.947833 1.687144 
1279 490.900830 -201.802923 1.652151 
1280 481.419907 -201.668739 1.620243 
1281 473.055557 -201.548328 1.592092 
1282 465.955409 -201.444030 1.568196 
1283 460.216615 -201.357489 1.548882 
1284 455.889956 -201.289693 1.534320 
1285 452.985031 -201.241040 1.524544 
1286 451.475659 -201.211410 1.519464 
1287 451.304849 -201.200235 1.518889 
1288 452.389017 -201.206562 1.522538 
1289 454.621408 -201.229104 1.530051 
1290 457.874932 -201.266282 1.541001 
1291 462.004735 -201.316260 1.554900 
1292 466.850851 -201.376981 1.571210 
1293 472.241236 -201.446203 1.589351 
1294 477.995344 -201.521545 1.608717 
1295 483.928309 -201.600541 1.628685 
1296 489.855662 -201.680694 1.648634 
1297 495.598413 -201.759550 1.667961 
1298 500.988280 -201.834762 1.686101 
1299 505.872812 -201.904163 1.702540 
1300 510.120129 -201.965832 1.716835 
1301 513.623050 -202.018152 1.728624 
1302 516.302349 -202.059865 1.737641 
1303 518.108974 -202.090105 1.743722 
1304 519.025031 -202.108422 1.746805 
1305 519.063458 -202.114783 1.746934 
1306 518.266324 -202.109563 1.744251 
1307 516.701801 -202.093511 1.738986 
1308 514.459968 -202.067700 1.731441 
1309 511.647684 -202.033465 1.721976 
1310 508.382910 -201.992329 1.710988 
1311 504.788915 -201.945926 1.698892 
1312 500.988875 -201.895923 1.686103 
1313 497.101308 -201.843955 1.673019 
1314 493.236743 -201.791567 1.660013 
1315 489.495806 -201.740184 1.647423 
1316 485.968733 -201.691091 1.635552 
1317 482.736055 -201.645436 1.624672 
1318 479.870010 -201.604245 1.615027 
1319 477.436120 -201.568445 1.606835 
1320 475.494347 -201.538879 1.600300 
1321 474.099342 -201.516319 1.595605 
1322 473.299556 -201.501462 1.592913 
1323 473.135217 -201.494909 1.592360 
1324 473.635477 -201.497132 1.594044 
1325 474.815240 -201.508432 1.598014 
1326 476.672280 -201.528899 1.604264 
1327 479.185202 -201.558375 1.612722 
1328 482.312670 -201.596439 1.623247 
1329 485.994065 -201.642402 1.635637 
1330 490.151524 -201.695326 1.649629 
1331 494.693047 -201.754063 1.664914 
1332 499.516311 -201.817297 1.681147 
1333 504.512728 -201.883602 1.697963 
1334 509.571369 -201.951494 1.714988 
1335 514.582490 -202.019482 1.731853 
1336 519.440505 -202.086112 1.748203 
1337 524.046374 -202.150001 1.763704 
1338 528.309452 -202.209871 1.778052 
1339 532.148903 -202.264565 1.790974 
1340 535.494753 -202.313065 1.802234 
1341 538.288659 -202.354507 1.811637 
1342 540.484432 -202.388186 1.819027 
1343 542.048305 -202.413564 1.824291 
1344 542.958942 -202.430269 1.827355 
1345 543.207172 -202.438096 1.828191 
1346 542.795454 -202.437002 1.826805 
1347 541.737093 -202.427094 1.823243 
1348 540.055274 -202.408619 1.817583 
1349 537.781998 -202.381949 1.809932 
1350 534.957003 -202.347571 1.800425 
1351 531.626752 -202.306064 1.789216 
1352 527.843577 -202.258097 1.776484 
1353 523.664979 -202.204409 1.762421 
1354 519.153104 -202.145806 1.747236 
1355 514.374342 -202.083155 1.731153 
1356 509.398987 -202.017376 1.714408 
1357 504.300860 -201.949441 1.697250 
1358 499.156835 -201.880365 1.679937 
1359 494.046160 -201.811201 1.662737 
1360 489.049546 -201.743027 1.645921 
1361 484.247957 -201.676934 1.629761 
1362 479.721111 -201.614008 1.614525 
1363 475.545668 -201.555303 1.600473 
1364 471.793150 -201.501821 1.587843 
1365 468.527612 -201.454479 1.576853 
1366 465.803150 -201.414077 1.567684 
1367 463.661334 -201.381261 1.560475 
1368 462.128712 -201.356495 1.555317 
1369 461.214560 -201.340022 1.552241 
1370 460.909081 -201.331843 1.551213 
1371 461.182284 -201.331689 1.552132 
1372 461.983748 -201.339019 1.554829 
1373 463.243468 -201.353019 1.559069 
1374 464.873882 -201.372625 1.564556 
1375 466.773113 -201.396555 1.570948 
1376 468.829349 -201.423362 1.577869 
1377 470.926175 -201.451502 1.584926 
1378 472.948541 -201.479405 1.591732 
1379 474.789024 -201.505565 1.597926 
1380 476.353915 -201.528617 1.603193 
1381 477.568705 -201.547422 1.607281 
1382 478.382539 -201.561130 1.610020 
1383 478.771271 -201.569231 1.611329 
1384 478.738857 -201.571590 1.611220 
1385 478.316945 -201.568448 1.609800 
1386 477.562655 -201.560409 1.607261 
1387 476.554681 -201.548393 1.603869 
1388 475.387974 -201.533580 1.599942 
1389 474.167367 -201.517325 1.595834 
1390 473.000565 -201.501070 1.591907 
1391 471.990987 -201.486249 1.588509 
1392 471.230894 -201.474190 1.585951 
1393 470.795261 -201.466026 1.584485 
1394 470.736742 -201.462626 1.584288 
1395 471.082043 -201.464526 1.585450 
1396 471.829886 -201.471901 1.587967 
1397 472.950713 -201.484541 1.591739 
1398 474.388144 -201.501865 1.596577 
1399 476.062176 -201.522947 1.602211 
1400 477.873983 -201.546575 1.608309 
1401 479.712155 -201.571322 1.614495 
1402 481.460087 -201.595642 1.620378 
1403 483.004185 -201.617969 1.625575 
1404 484.242406 -201.636840 1.629742 
1405 485.092603 -201.651002 1.632603 
1406 485.499992 -201.659522 1.633974 
1407 485.443055 -201.661880 1.633783 
1408 484.937124 -201.658030 1.632080 
1409 484.035048 -201.648433 1.629044 
1410 482.824506 -201.634043 1.624970 
1411 481.421865 -201.616246 1.620249 
1412 479.962931 -201.596757 1.615339 
1413 478.591369 -201.577476 1.610723 
1414 477.446015 -201.560327 1.606868 
1415 476.648563 -201.547082 1.604185 
1416 476.293120 -201.539208 1.602988 
1417 476.438934 -201.537745 1.603479 
1418 477.107074 -201.543238 1.605728 
1419 478.281252 -201.555713 1.609679 
1420 479.912307 -201.574721 1.615169 
1421 481.925365 -201.599414 1.621944 
1422 484.228415 -201.628655 1.629695 
1423 486.720974 -201.661134 1.638084 
1424 489.301776 -201.695482 1.646770 
1425 491.874742 -201.730362 1.655429 
1426 494.352923 -201.764536 1.663769 
1427 496.660516 -201.796908 1.671536 
1428 498.733261 -201.826532 1.678512 
1429 500.517764 -201.852619 1.684518 
1430 501.970223 -201.874516 1.689406 
1431 503.055036 -201.891690 1.693057 
1432 503.743585 -201.903711 1.695374 
1433 504.013392 -201.910235 1.696282 
1434 503.847664 -201.910997 1.695725 
1435 503.235191 -201.905810 1.693663 
1436 502.170464 -201.894561 1.690080 
1437 500.653882 -201.877214 1.684976 
1438 498.691912 -201.853816 1.678373 
1439 496.297101 -201.824495 1.670313 
1440 493.487855 -201.789460 1.660858 
1441 490.287959 -201.748996 1.650089 
1442 486.725823 -201.703456 1.638100 
1443 482.833461 -201.653248 1.625000 
1444 478.645256 -201.598822 1.610905 
1445 474.196542 -201.540648 1.595932 
1446 469.522085 -201.479202 1.580200 
1447 464.654534 -201.414939 1.563818 
1448 459.622935 -201.348277 1.546884 
1449 454.451420 -201.279576 1.529479 
1450 449.158178 -201.209123 1.511664 
1451 443.754801 -201.137117 1.493479 
1452 438.246131 -201.063670 1.474939 
1453 432.630643 -200.988802 1.456040 
1454 426.901441 -200.912455 1.436758 
1455 421.047849 -200.834508 1.417058 
1456 415.057565 -200.754801 1.396897 
1457 408.919293 -200.673172 1.376238 
1458 402.625739 -200.589491 1.355057 
1459 396.176790 -200.503702 1.333353 
1460 389.582714 -200.415868 1.311160 
1461 382.867147 -200.326215 1.288559 
1462 376.069669 -200.235163 1.265681 
1463 369.247742 -200.143364 1.242722 
1464 362.477805 -200.051719 1.219937 
1465 355.855356 -199.961385 1.197649 
1466 349.493878 -199.873772 1.176239 
1467 343.522539 -199.790520 1.156142 
1468 338.082645 -199.713455 1.137834 
1469 333.322944 -199.644538 1.121815 
1470 329.393933 -199.585794 1.108592 
1471 326.441464 -199.539229 1.098655 
1472 324.599986 -199.506741 1.092457 
1473 323.985869 -199.490027 1.090391 
1474 324.691256 -199.490502 1.092765 
1475 326.778929 -199.509215 1.099791 
1476 330.278555 -199.546794 1.111569 
1477 335.184644 -199.603402 1.128081 
1478 341.456352 -199.678728 1.149188 
1479 349.019111 -199.771989 1.174641 
1480 357.767906 -199.881972 1.204086 
1481 367.571840 -200.007079 1.237081 
1482 378.279538 -200.145402 1.273119 
1483 389.724890 -200.294794 1.311639 
1484 401.732618 -200.452948 1.352051 
1485 414.123280 -200.617469 1.393753 
1486 426.717409 -200.785934 1.436139 
1487 439.338648 -200.955945 1.478616 
1488 451.815933 -201.125158 1.520609 
1489 463.984861 -201.291314 1.561564 
1490 475.688520 -201.452248 1.600953 
1491 486.778079 -201.605901 1.638276 
1492 497.113433 -201.750326 1.673060 
1493 506.564133 -201.883699 1.704867 
1494 515.010729 -202.004337 1.733294 
1495 522.346576 -202.110713 1.757984 
1496 528.480008 -202.201489 1.778626 
1497 533.336719 -202.275543 1.794971 
1498 536.862155 -202.332005 1.806836 
1499 539.023665 -202.370285 1.814111 
1500 539.812233 -202.390100 1.816765 
1501 539.243599 -202.391493 1.814851 
1502 537.358706 -202.374848 1.808508 
1503 534.223433 -202.340884 1.797956 
1504 529.927661 -202.290652 1.783498 
1505 524.583769 -202.225517 1.765513 
1506 518.324653 -202.147133 1.744448 
1507 511.301389 -202.057418 1.720810 
1508 503.680604 -201.958515 1.695162 
1509 495.641600 -201.852757 1.668107 
1510 487.373215 -201.742629 1.640279 
1511 479.070397 -201.630721 1.612335 
1512 470.930450 -201.519679 1.584940 
1513 463.148957 -201.412157 1.558751 
1514 455.915454 -201.310753 1.534406 
1515 449.408992 -201.217956 1.512508 
1516 443.793835 -201.136085 1.493610 
1517 439.215557 -201.067231 1.478202 
1518 435.797809 -201.013212 1.466699 
1519 433.639944 -200.975531 1.459437 
1520 432.815582 -200.955354 1.456662 
1521 433.371999 -200.953496 1.458535 
1522 435.330146 -200.970416 1.465125 
1523 438.684948 -201.006220 1.476416 
1524 443.405612 -201.060666 1.492304 
1525 449.435686 -201.133167 1.512598 
1526 456.692841 -201.222787 1.537023 
1527 465.068509 -201.328243 1.565211 
1528 474.427701 -201.447895 1.596710 
1529 484.609428 -201.579746 1.630977 
1530 495.428172 -201.721463 1.667388 
1531 506.676757 -201.870393 1.705246 
1532 518.130770 -202.023624 1.743795 
1533 529.554516 -202.178048 1.782242 
1534 540.708204 -202.330450 1.819780 
1535 551.355937 -202.477615 1.855616 
1536 561.273944 -202.616436 1.888996 
1537 570.258466 -202.744022 1.919233 
1538 578.132766 -202.857803 1.945735 
1539 584.752811 -202.955609 1.968015 
1540 590.011312 -203.035745 1.985713 
1541 593.839957 -203.097026 1.998598 
1542 596.209797 -203.138798 2.006574 
1543 597.129858 -203.160930 2.009670 
1544 596.644173 -203.163785 2.008036 
1545 594.827474 -203.148171 2.001922 
1546 591.779876 -203.115274 1.991665 
1547 587.620893 -203.066581 1.977667 
1548 582.483152 -203.003801 1.960376 
1549 576.506178 -202.928775 1.940260 
1550 569.830574 -202.843398 1.917793 
1551 562.592883 -202.749543 1.893434 
1552 554.921359 -202.648998 1.867616 
1553 546.932789 -202.543418 1.840730 
1554 538.730414 -202.434287 1.813124 
1555 530.402939 -202.322896 1.785098 
1556 522.024543 -202.210343 1.756900 
1557 513.655732 -202.097531 1.728734 
1558 505.344881 -201.985191 1.700763 
1559 497.130253 -201.873902 1.673117 
1560 489.042329 -201.764125 1.645896 
1561 481.106259 -201.656228 1.619187 
1562 473.344300 -201.550527 1.593064 
1563 465.778105 -201.447315 1.567600 
1564 458.430759 -201.346890 1.542872 
1565 451.328488 -201.249581 1.518969 
1566 444.501963 -201.155769 1.495994 
1567 437.987149 -201.065903 1.474068 
1568 431.825661 -200.980503 1.453331 
1569 426.064584 -200.900169 1.433942 
1570 420.755779 -200.825567 1.416075 
1571 415.954648 -200.757422 1.399916 
1572 411.718443 -200.696496 1.385659 
1573 408.104159 -200.643561 1.373495 
1574 405.166132 -200.599371 1.363607 
1575 402.953469 -200.564627 1.356160 
1576 401.507459 -200.539940 1.351293 
1577 400.859133 -200.525802 1.349111 
1578 401.027117 -200.522550 1.349677 
1579 402.015920 -200.530342 1.353005 
1580 403.814766 -200.549137 1.359059 
1581 406.397031 -200.578684 1.367750 
1582 409.720298 -200.618518 1.378934 
1583 413.727016 -200.667964 1.392419 
1584 418.345682 -200.726151 1.407963 
1585 423.492460 -200.792030 1.425285 
1586 429.073114 -200.864400 1.444067 
1587 434.985146 -200.941932 1.463964 
1588 441.120024 -201.023202 1.484611 
1589 447.365416 -201.106719 1.505631 
1590 453.607374 -201.190958 1.526638 
1591 459.732439 -201.274382 1.547253 
1592 465.629658 -201.355479 1.567100 
1593 471.192546 -201.432781 1.585822 
1594 476.321021 -201.504895 1.603082 
1595 480.923341 -201.570525 1.618572 
1596 484.918074 -201.628502 1.632016 
1597 488.236095 -201.677811 1.643183 
1598 490.822597 -201.717612 1.651888 
1599 492.639021 -201.747275 1.658001 
1600 493.664845 -201.766400 1.661454 
1601 493.899072 -201.774839 1.662242 
1602 493.361273 -201.772716 1.660432 
1603 492.092036 -201.760437 1.656160 
1604 490.152671 -201.738689 1.649633 
1605 487.624073 -201.708431 1.641123 
1606 484.604700 -201.670877 1.630961 
1607 481.207713 -201.627455 1.619529 
1608 477.557402 -201.579771 1.607243 
1609 473.785117 -201.529553 1.594547 
1610 470.024983 -201.478595 1.581893 
1611 466.409714 -201.428701 1.569725 
1612 463.066795 -201.381628 1.558474 
1613 460.115277 -201.339042 1.548541 
1614 457.663275 -201.302475 1.540289 
1615 455.806177 -201.273300 1.534038 
1616 454.625423 -201.252709 1.530065 
1617 454.187638 -201.241702 1.528591 
1618 454.543884 -201.241071 1.529790 
1619 455.728811 -201.251395 1.533778 
1620 457.759576 -201.273026 1.540613 
1621 460.634538 -201.306068 1.550289 
1622 464.331845 -201.350367 1.562732 
1623 468.808132 -201.405485 1.577797 
1624 473.997641 -201.470688 1.595263 
1625 479.812019 -201.544937 1.614831 
1626 486.141045 -201.626894 1.636132 
1627 492.854391 -201.714934 1.658726 
1628 499.804431 -201.807182 1.682117 
1629 506.829979 -201.901550 1.705762 
1630 513.760739 -201.995800 1.729087 
1631 520.422193 -202.087602 1.751507 
1632 526.640664 -202.174602 1.772435 
1633 532.248274 -202.254494 1.791308 
1634 537.087608 -202.325080 1.807595 
1635 541.015951 -202.384333 1.820816 
1636 543.909026 -202.430449 1.830553 
1637 545.664219 -202.461897 1.836460 
1638 546.203332 -202.477454 1.838275 
1639 545.474870 -202.476244 1.835823 
1640 543.455903 -202.457763 1.829028 
1641 540.153494 -202.421904 1.817914 
1642 535.605634 -202.368967 1.802608 
1643 529.881642 -202.299675 1.783343 
1644 523.081893 -202.215173 1.760458 
1645 515.336800 -202.117017 1.734392 
1646 506.804942 -202.007155 1.705677 
1647 497.670280 -201.887900 1.674934 
1648 488.138439 -201.761880 1.642854 
1649 478.432093 -201.631989 1.610187 
1650 468.785528 -201.501312 1.577721 
1651 459.438508 -201.373051 1.546263 
1652 450.629615 -201.250437 1.516616 
1653 442.589218 -201.136640 1.489556 
1654 435.532296 -201.034668 1.465806 
1655 429.651295 -200.947277 1.446013 
1656 425.109274 -200.876870 1.430727 
1657 422.033568 -200.825412 1.420375 
1658 420.510260 -200.794348 1.415248 
1659 420.579747 -200.784534 1.415482 
1660 422.233719 -200.796191 1.421049 
1661 425.413820 -200.828871 1.431751 
1662 430.012246 -200.881451 1.447228 
1663 435.874395 -200.952159 1.466957 
1664 442.803606 -201.038621 1.490278 
1665 450.567855 -201.137939 1.516409 
1666 458.908158 -201.246792 1.544478 
1667 467.548294 -201.361560 1.573557 
1668 476.205397 -201.478463 1.602693 
1669 484.600906 -201.593702 1.630949 
1670 492.471371 -201.703612 1.657437 
1671 499.578633 -201.804800 1.681357 
1672 505.718964 -201.894278 1.702022 
1673 510.730809 -201.969575 1.718890 
1674 514.500815 -202.028833 1.731578 
1675 516.967928 -202.070872 1.739881 
1676 518.125348 -202.095236 1.743777 
1677 518.020201 -202.102197 1.743423 
1678 516.750835 -202.092742 1.739151 
1679 514.461739 -202.068515 1.731447 
1680 511.336198 -202.031737 1.720928 
1681 507.586915 -201.985091 1.708309 
1682 503.445068 -201.931583 1.694370 
1683 499.148387 -201.874389 1.679909 
1684 494.929039 -201.816692 1.665708 
1685 491.002175 -201.761521 1.652492 
1686 487.556004 -201.711605 1.640894 
1687 484.744129 -201.669256 1.631431 
1688 482.680654 -201.636282 1.624486 
1689 481.438280 -201.613941 1.620305 
1690 481.049238 -201.602935 1.618995 
1691 481.508646 -201.603444 1.620541 
1692 482.779639 -201.615175 1.624819 
1693 484.799510 -201.637449 1.631617 
1694 487.486142 -201.669280 1.640659 
1695 490.744100 -201.709465 1.651624 
1696 494.469957 -201.756655 1.664163 
1697 498.556595 -201.809429 1.677917 
1698 502.896420 -201.866335 1.692523 
1699 507.383563 -201.925933 1.707625 
1700 511.915219 -201.986817 1.722876 
1701 516.392330 -202.047627 1.737944 
1702 520.719824 -202.107055 1.752509 
1703 524.806634 -202.163849 1.766263 
1704 528.565686 -202.216808 1.778914 
1705 531.914068 -202.264787 1.790183 
1706 534.773543 -202.306702 1.799807 
1707 537.071570 -202.341533 1.807541 
1708 538.742924 -202.368351 1.813166 
1709 539.731971 -202.386337 1.816495 
1710 539.995521 -202.394823 1.817382 
1711 539.506106 -202.393326 1.815735 
1712 538.255411 -202.381601 1.811525 
1713 536.257485 -202.359682 1.804801 
1714 533.551342 -202.327922 1.795694 
1715 530.202511 -202.287024 1.784423 
1716 526.303215 -202.238052 1.771300 
1717 521.970925 -202.182421 1.756719 
1718 517.345226 -202.121867 1.741151 
1719 512.583099 -202.058396 1.725124 
1720 507.852902 -201.994209 1.709204 
1721 503.327468 -201.931614 1.693974 
1722 499.176825 -201.872931 1.680005 
1723 495.561052 -201.820393 1.667835 
1724 492.623750 -201.776056 1.657950 
1725 490.486452 -201.741711 1.650757 
1726 489.244210 -201.718824 1.646576 
1727 488.962406 -201.708478 1.645627 
1728 489.674711 -201.711344 1.648025 
1729 491.382073 -201.727654 1.653771 
1730 494.052528 -201.757201 1.662758 
1731 497.621717 -201.799334 1.674771 
1732 501.993989 -201.852974 1.689486 
1733 507.044120 -201.916630 1.706482 
1734 512.619688 -201.988428 1.725247 
1735 518.544243 -202.066149 1.745187 
1736 524.621392 -202.147275 1.765640 
1737 530.639902 -202.229052 1.785895 
1738 536.379836 -202.308567 1.805213 
1739 541.619654 -202.382835 1.822848 
1740 546.144079 -202.448903 1.838075 
1741 549.752417 -202.503957 1.850219 
1742 552.266944 -202.545436 1.858682 
1743 553.540883 -202.571144 1.862970 
1744 553.465496 -202.579350 1.862716 
1745 551.975789 -202.568877 1.857702 
1746 549.054422 -202.539167 1.847870 
1747 544.733455 -202.490317 1.833328 
1748 539.093693 -202.423091 1.814347 
1749 532.261514 -202.338892 1.791353 
1750 524.403223 -202.239699 1.764905 
1751 515.717151 -202.127984 1.735672 
1752 506.423890 -202.006581 1.704395 
1753 496.755263 -201.878557 1.671855 
1754 486.942777 -201.747048 1.638830 
1755 477.206449 -201.615110 1.606062 
1756 467.744920 -201.485578 1.574219 
1757 458.727698 -201.360939 1.543871 
1758 450.290198 -201.243252 1.515474 
1759 442.531883 -201.134098 1.489363 
1760 435.517466 -201.034580 1.465756 
1761 429.280708 -200.945352 1.444766 
1762 423.830018 -200.866689 1.426421 
1763 419.154866 -200.798566 1.410687 
1764 415.232003 -200.740746 1.397484 
1765 412.030623 -200.692860 1.386710 
1766 409.515887 -200.654460 1.378246 
1767 407.650570 -200.625060 1.371968 
1768 406.394966 -200.604142 1.367743 
1769 405.705433 -200.591149 1.365422 
1770 405.532197 -200.585455 1.364839 
1771 405.817037 -200.586335 1.365798 
1772 406.491493 -200.592939 1.368067 
1773 407.476069 -200.604271 1.371381 
1774 408.680744 -200.619186 1.375435 
1775 410.006902 -200.636411 1.379899 
1776 411.350611 -200.654575 1.384421 
1777 412.607000 -200.672266 1.388649 
1778 413.675385 -200.688090 1.392245 
1779 414.464714 -200.700749 1.394902 
1780 414.898863 -200.709109 1.396363 
1781 414.921375 -200.712271 1.396439 
1782 414.499236 -200.709626 1.395018 
1783 413.625425 -200.700904 1.392077 
1784 412.320052 -200.686191 1.387684 
1785 410.630028 -200.665941 1.381996 
1786 408.627324 -200.640957 1.375256 
1787 406.405974 -200.612363 1.367780 
1788 404.078071 -200.581554 1.359945 
1789 401.769031 -200.550137 1.352174 
1790 399.612439 -200.519864 1.344916 
1791 397.744752 -200.492562 1.338630 
1792 396.300137 -200.470060 1.333768 
1793 395.405618 -200.454124 1.330757 
1794 395.176698 -200.446395 1.329987 
1795 395.713545 -200.448328 1.331794 
1796 397.097811 -200.461154 1.336453 
1797 399.390111 -200.485833 1.344167 
1798 402.628201 -200.523030 1.355065 
1799 406.825875 -200.573093 1.369193 
1800 411.972579 -200.636044 1.386514 
1801 418.033766 -200.711578 1.406914 
1802 424.951966 -200.799073 1.430197 
1803 432.648521 -200.897609 1.456100 
1804 441.025929 -201.005997 1.484295 
1805 449.970684 -201.122809 1.514399 
1806 459.356499 -201.246427 1.545987 
1807 469.047773 -201.375081 1.578604 
1808 478.903169 -201.506901 1.611773 
1809 488.779178 -201.639963 1.645011 
1810 498.533567 -201.772339 1.677840 
1811 508.028618 -201.902139 1.709796 
1812 517.134124 -202.027553 1.740441 
1813 525.730098 -202.146893 1.769371 
1814 533.709205 -202.258626 1.796225 
1815 540.978920 -202.361401 1.820692 
1816 547.463441 -202.454084 1.842516 
1817 553.105370 -202.535774 1.861504 
1818 557.867171 -202.605831 1.877530 
1819 561.732385 -202.663889 1.890538 
1820 564.706574 -202.709874 1.900548 
1821 566.817898 -202.744012 1.907654 
1822 568.117248 -202.766837 1.912027 
1823 568.677767 -202.779185 1.913913 
1824 568.593627 -202.782186 1.913630 
1825 567.977895 -202.777238 1.911558 
1826 566.959330 -202.765978 1.908130 
1827 565.678016 -202.750223 1.903818 
1828 564.279792 -202.731907 1.899112 
1829 562.909553 -202.713001 1.894500 
1830 561.703606 -202.695411 1.890442 
1831 560.781443 -202.680872 1.887338 
1832 560.237426 -202.670836 1.885507 
1833 560.133002 -202.666365 1.885156 
1834 560.490178 -202.668029 1.886358 
1835 561.286978 -202.675834 1.889039 
1836 562.455558 -202.689176 1.892972 
1837 563.883468 -202.706835 1.897778 
1838 565.418323 -202.727019 1.902944 
1839 566.875809 -202.747447 1.907849 
1840 568.050632 -202.765475 1.911803 
1841 568.729683 -202.778265 1.914088 
1842 568.706438 -202.782969 1.914010 
1843 567.795449 -202.776926 1.910944 
1844 565.845755 -202.757851 1.904382 
1845 562.752090 -202.724004 1.893970 
1846 558.462993 -202.674320 1.879535 
1847 552.985164 -202.608494 1.861099 
1848 546.383761 -202.527013 1.838882 
1849 538.778652 -202.431131 1.813286 
1850 530.336981 -202.322795 1.784876 
1851 521.262670 -202.204522 1.754336 
1852 511.783709 -202.079242 1.722434 
1853 502.138236 -201.950114 1.689971 
1854 492.560435 -201.820340 1.657737 
1855 483.267281 -201.692978 1.626460 
1856 474.447025 -201.570773 1.596775 
1857 466.250128 -201.456016 1.569188 
1858 458.783140 -201.350445 1.544058 
1859 452.105727 -201.255181 1.521584 
1860 446.230824 -201.170709 1.501812 
1861 441.127667 -201.096904 1.484637 
1862 436.727264 -201.033081 1.469827 
1863 432.929777 -200.978092 1.457047 
1864 429.613238 -200.930427 1.445885 
1865 426.643004 -200.888344 1.435888 
1866 423.881417 -200.849993 1.426594 
1867 421.197208 -200.813549 1.417560 
1868 418.474227 -200.777331 1.408396 
1869 415.619187 -200.739920 1.398787 
1870 412.568158 -200.700246 1.388519 
1871 409.291598 -200.657673 1.377491 
1872 405.797753 -200.612054 1.365733 
1873 402.134272 -200.563764 1.353403 
1874 398.387916 -200.513711 1.340794 
1875 394.682245 -200.463315 1.328323 
1876 391.173220 -200.414469 1.316513 
1877 388.042723 -200.369459 1.305977 
1878 385.490083 -200.330866 1.297386 
1879 383.721875 -200.301442 1.291435 
1880 382.940407 -200.283960 1.288805 
1881 383.331518 -200.281051 1.290121 
1882 385.052465 -200.295045 1.295913 
1883 388.220813 -200.327808 1.306577 
1884 392.905232 -200.380608 1.322342 
1885 399.119032 -200.454005 1.343255 
1886 406.817071 -200.547785 1.369163 
1887 415.896342 -200.660948 1.399720 
1888 426.200225 -200.791737 1.434398 
1889 437.526021 -200.937718 1.472516 
1890 449.635086 -201.095903 1.513269 
1891 462.264680 -201.262897 1.555775 
1892 475.140523 -201.435063 1.599109 
1893 487.989114 -201.608696 1.642352 
1894 500.548929 -201.780176 1.684622 
1895 512.579840 -201.946113 1.725113 
1896 523.870329 -202.103457 1.763112 
1897 534.242269 -202.249576 1.798019 
1898 543.553313 -202.382313 1.829356 
1899 551.697074 -202.499993 1.856764 
1900 558.601466 -202.601418 1.880001 
1901 564.225621 -202.685834 1.898930 
1902 568.555888 -202.752878 1.913503 
1903 571.601396 -202.802528 1.923753 
1904 573.389621 -202.835037 1.929771 
1905 573.962347 -202.850877 1.931699 
1906 573.372290 -202.850688 1.929713 
1907 571.680541 -202.835241 1.924019 
1908 568.954893 -202.805404 1.914846 
1909 565.268979 -202.762132 1.902441 
1910 560.702058 -202.706453 1.887071 
1911 555.339237 -202.639474 1.869022 
1912 549.271862 -202.562381 1.848602 
1913 542.597793 -202.476450 1.826140 
1914 535.421331 -202.383041 1.801987 
1915 527.852583 -202.283599 1.776514 
1916 520.006137 -202.179641 1.750107 
1917 511.998996 -202.072728 1.723158 
1918 503.947830 -201.964440 1.696062 
1919 495.965690 -201.856328 1.669197 
1920 488.158416 -201.749871 1.642922 
1921 480.621062 -201.646428 1.617554 
1922 473.434685 -201.547188 1.593368 
1923 466.663874 -201.453136 1.570581 
1924 460.355352 -201.365022 1.549349 
1925 454.537895 -201.283354 1.529770 
1926 449.223728 -201.208403 1.511885 
1927 444.411369 -201.140238 1.495689 
1928 440.089758 -201.078766 1.481144 
1929 436.243341 -201.023800 1.468199 
1930 432.857651 -200.975129 1.456804 
1931 429.924851 -200.932594 1.446934 
1932 427.448666 -200.896161 1.438600 
1933 425.448164 -200.865979 1.431867 
1934 423.959952 -200.842420 1.426858 
1935 423.038454 -200.826098 1.423757 
1936 422.754158 -200.817859 1.422800 
1937 423.189872 -200.818742 1.424267 
1938 424.435236 -200.829917 1.428458 
1939 426.579906 -200.852603 1.435676 
1940 429.705945 -200.887968 1.446197 
1941 433.880082 -200.937026 1.460245 
1942 439.146466 -201.000533 1.477969 
1943 445.520561 -201.078900 1.499422 
1944 452.984693 -201.172116 1.524543 
1945 461.485641 -201.279706 1.553153 
1946 470.934440 -201.400712 1.584953 
1947 481.208404 -201.533703 1.619531 
1948 492.155158 -201.676821 1.656373 
1949 503.598287 -201.827842 1.694885 
1950 515.344093 -201.984263 1.734416 
1951 527.188882 -202.143397 1.774281 
1952 538.926149 -202.302472 1.813783 
1953 550.353132 -202.458722 1.852241 
1954 561.276254 -202.609472 1.889003 
1955 571.515139 -202.752198 1.923463 
1956 580.905067 -202.884576 1.955065 
1957 589.297905 -203.004497 1.983312 
1958 596.561724 -203.110077 2.007758 
1959 602.579470 -203.199644 2.028011 
1960 607.247173 -203.271710 2.043721 
1961 610.472203 -203.324955 2.054575 
1962 612.172110 -203.358201 2.060296 
1963 612.274500 -203.370404 2.060640 
1964 610.718287 -203.360663 2.055403 
1965 607.456500 -203.328244 2.044425 
1966 602.460625 -203.272631 2.027611 
1967 595.726300 -203.193593 2.004947 
1968 587.279915 -203.091268 1.976520 
1969 577.185573 -202.966253 1.942547 
1970 565.551635 -202.819703 1.903392 
1971 552.536012 -202.653402 1.859588 
1972 538.349265 -202.469830 1.811841 
1973 523.254633 -202.272179 1.761040 
1974 507.564197 -202.064335 1.708233 
1975 491.630668 -201.850790 1.654608 
1976 475.834702 -201.636505 1.601445 
1977 460.568180 -201.426712 1.550065 
1978 446.214533 -201.226663 1.501757 
1979 433.127802 -201.041359 1.457713 
1980 421.612563 -200.875262 1.418958 
1981 411.906993 -200.732052 1.386294 
1982 404.171119 -200.614423 1.360258 
1983 398.481589 -200.523972 1.341110 
1984 394.833429 -200.461174 1.328832 
1985 393.148123 -200.425450 1.323160 
1986 393.286510 -200.415312 1.323625 
1987 395.064362 -200.428557 1.329609 
1988 398.268416 -200.462483 1.340392 
1989 402.670879 -200.514100 1.355209 
1990 408.041068 -200.580303 1.373283 
1991 414.153561 -200.658011 1.393855 
1992 420.792971 -200.744249 1.416200 
1993 427.756002 -200.836195 1.439634 
1994 434.851768 -200.931194 1.463515 
1995 441.901416 -201.026756 1.487241 
1996 448.737979 -201.120551 1.510250 
1997 455.207074 -201.210413 1.532022 
1998 461.168762 -201.294357 1.552087 
1999 466.500545 -201.370608 1.570031 
