27
comment
atom0	-0.760000	-0.438786	-0.310269
atom1	-0.380000	-0.438786	-0.310269
atom2	0.000000	-0.438786	-0.310269
atom3	-0.570000	-0.109697	-0.310269
atom4	-0.190000	-0.109697	-0.310269
atom5	0.190000	-0.109697	-0.310269
atom6	-0.380000	0.219393	-0.310269
atom7	0.000000	0.219393	-0.310269
atom8	0.380000	0.219393	-0.310269
atom9	-0.570000	-0.329090	0.000000
atom10	-0.190000	-0.329090	0.000000
atom11	0.190000	-0.329090	0.000000
atom12	-0.380000	0.000000	0.000000
atom13	0.000000	0.000000	0.000000
atom14	0.380000	0.000000	0.000000
atom15	-0.190000	0.329090	0.000000
atom16	0.190000	0.329090	0.000000
atom17	0.570000	0.329090	0.000000
atom18	-0.380000	-0.219393	0.310269
atom19	0.000000	-0.219393	0.310269
atom20	0.380000	-0.219393	0.310269
atom21	-0.190000	0.109697	0.310269
atom22	0.190000	0.109697	0.310269
atom23	0.570000	0.109697	0.310269
atom24	0.000000	0.438786	0.310269
atom25	0.380000	0.438786	0.310269
atom26	0.760000	0.438786	0.310269
